Multiple size <= 100
TEST 1 ARG:84 54 57 29 33 93 76 73 30 39 69 19 28 17 50 90 26 13 63 37 0 99 5 91 52 22 34 67 89 59 14 60 87 32 95 85 48 92 41 55 86 7 43 65 36 96 47 78 83 21 97 64 71 23 35 80 44 8 3 20 72 24 94 6 31 10 40 66 18 2 75 77 27 62 38 88 25 45 70 58 42 82 15 1 46 4 79 68 16 53 81 56 98 49 11 61 12 74 9 51 
TEST 1 ARG:84 54 57 29 33 93 76 73 30 39 69 19 28 17 50 90 26 13 63 37 0 99 5 91 52 22 34 67 89 59 14 60 87 32 95 85 48 92 41 55 86 7 43 65 36 96 47 78 83 21 97 64 71 23 35 80 44 8 3 20 72 24 94 6 31 10 40 66 18 2 75 77 27 62 38 88 25 45 70 58 42 82 15 1 46 4 79 68 16 53 81 56 98 49 11 61 12 74 9 51 
TEST 2 ARG:35 23 1 75 15 55 86 78 7 49 21 41 97 33 18 37 66 64 96 28 87 58 42 98 38 8 11 39 45 9 72 14 65 73 12 80 60 88 20 44 50 29 27 62 56 63 57 99 59 70 89 13 0 6 3 61 43 48 92 19 85 77 34 10 74 90 82 47 2 67 68 31 94 83 69 32 5 71 84 36 53 30 22 25 54 81 40 26 51 95 76 17 16 79 91 46 4 93 52 24 
TEST 2 ARG:35 23 1 75 15 55 86 78 7 49 21 41 97 33 18 37 66 64 96 28 87 58 42 98 38 8 11 39 45 9 72 14 65 73 12 80 60 88 20 44 50 29 27 62 56 63 57 99 59 70 89 13 0 6 3 61 43 48 92 19 85 77 34 10 74 90 82 47 2 67 68 31 94 83 69 32 5 71 84 36 53 30 22 25 54 81 40 26 51 95 76 17 16 79 91 46 4 93 52 24 
TEST 3 ARG:81 9 25 46 59 93 10 44 94 18 20 54 39 80 40 57 79 4 73 50 74 92 12 64 83 8 16 34 6 7 89 77 37 76 62 99 36 23 22 69 72 58 96 2 55 91 60 1 41 49 78 68 90 28 31 82 24 3 29 14 38 51 47 70 52 95 19 27 45 0 13 63 97 85 53 71 87 48 15 88 21 32 84 43 33 42 5 35 61 11 67 98 66 17 86 26 30 75 56 65 
TEST 4 ARG:45 54 61 39 47 19 44 26 21 96 25 10 20 85 66 1 95 69 46 50 31 88 38 56 29 40 8 75 71 28 62 68 30 91 32 22 11 7 41 12 89 59 42 72 2 67 53 64 80 81 58 13 57 35 99 78 79 76 77 33 70 83 23 24 14 34 87 93 6 63 48 15 98 74 52 86 82 92 73 36 37 16 51 3 55 65 94 84 90 17 4 97 9 43 0 27 49 18 60 5 
TEST 5 ARG:2 59 94 84 54 69 7 42 98 65 97 86 56 70 24 44 38 23 95 82 19 10 68 36 78 3 31 16 47 21 77 28 88 4 87 22 34 37 17 64 83 50 66 57 71 93 58 29 63 61 11 80 48 72 92 30 52 46 26 67 8 99 62 12 9 41 49 85 32 13 60 73 6 0 51 25 20 53 1 90 15 5 91 96 35 18 27 33 75 43 55 79 76 81 89 40 39 45 14 74 
TEST 6 ARG:61 30 9 49 18 82 92 48 8 54 44 40 13 29 64 73 32 46 16 52 85 0 75 50 66 11 79 51 57 19 76 20 59 70 89 97 10 67 58 6 42 21 95 35 81 99 62 60 36 5 12 84 65 63 87 72 27 96 4 68 26 2 24 98 37 41 3 90 78 17 91 74 15 83 94 14 43 23 34 38 56 47 25 33 69 39 22 93 53 80 86 88 28 45 1 7 77 71 31 55 
TEST 6 ARG:61 30 9 49 18 82 92 48 8 54 44 40 13 29 64 73 32 46 16 52 85 0 75 50 66 11 79 51 57 19 76 20 59 70 89 97 10 67 58 6 42 21 95 35 81 99 62 60 36 5 12 84 65 63 87 72 27 96 4 68 26 2 24 98 37 41 3 90 78 17 91 74 15 83 94 14 43 23 34 38 56 47 25 33 69 39 22 93 53 80 86 88 28 45 1 7 77 71 31 55 
TEST 7 ARG:46 21 6 2 55 49 45 36 59 84 60 65 25 88 56 86 30 94 17 77 47 83 35 95 15 14 78 18 91 79 90 89 99 98 10 27 64 31 61 43 4 80 53 72 40 51 39 92 1 81 87 12 34 76 57 48 50 24 96 33 5 19 37 26 54 85 71 3 9 70 23 41 93 20 13 82 63 16 74 68 69 44 75 32 73 66 52 8 28 58 7 0 62 22 67 97 38 11 42 29 
TEST 7 ARG:46 21 6 2 55 49 45 36 59 84 60 65 25 88 56 86 30 94 17 77 47 83 35 95 15 14 78 18 91 79 90 89 99 98 10 27 64 31 61 43 4 80 53 72 40 51 39 92 1 81 87 12 34 76 57 48 50 24 96 33 5 19 37 26 54 85 71 3 9 70 23 41 93 20 13 82 63 16 74 68 69 44 75 32 73 66 52 8 28 58 7 0 62 22 67 97 38 11 42 29 
TEST 8 ARG:91 75 67 57 23 62 3 15 37 2 25 97 79 16 95 89 66 30 69 78 73 19 10 52 5 11 53 17 88 43 65 68 46 26 13 38 85 93 80 6 84 61 48 28 44 36 29 18 63 47 7 82 42 49 86 94 60 40 81 54 55 31 4 56 32 24 98 14 90 20 21 70 9 71 99 33 92 0 27 74 22 12 72 76 41 50 59 34 1 51 39 45 58 64 8 35 77 96 87 83 
TEST 9 ARG:39 62 27 7 63 10 35 8 59 61 85 93 65 76 13 30 29 5 68 4 79 99 32 50 21 2 46 81 66 70 24 45 96 98 80 88 38 44 17 69 77 14 40 53 55 12 91 58 94 52 74 86 97 22 23 26 15 87 34 36 16 11 67 60 19 84 75 57 89 48 28 42 41 51 71 92 3 54 83 33 64 56 73 47 90 6 78 9 49 25 72 1 37 43 20 31 0 95 18 82 
TEST 9 ARG:39 62 27 7 63 10 35 8 59 61 85 93 65 76 13 30 29 5 68 4 79 99 32 50 21 2 46 81 66 70 24 45 96 98 80 88 38 44 17 69 77 14 40 53 55 12 91 58 94 52 74 86 97 22 23 26 15 87 34 36 16 11 67 60 19 84 75 57 89 48 28 42 41 51 71 92 3 54 83 33 64 56 73 47 90 6 78 9 49 25 72 1 37 43 20 31 0 95 18 82 
TEST 10 ARG:82 75 61 6 96 93 41 0 55 5 35 7 83 90 71 57 31 33 63 28 72 21 88 26 66 22 54 76 56 52 45 14 80 20 34 43 81 91 11 87 70 64 16 17 30 58 3 73 86 9 59 4 94 69 62 99 95 68 78 89 32 39 13 79 85 65 77 74 97 38 44 23 40 42 46 98 49 48 36 8 1 12 84 47 19 18 60 10 15 24 2 67 50 27 37 25 29 92 51 53 
TEST 11 ARG:56 36 63 52 88 59 42 9 66 96 40 47 58 10 55 97 30 22 81 24 82 17 79 4 45 74 76 86 19 35 23 25 43 92 20 28 75 60 87 8 72 1 32 48 34 78 84 69 90 7 13 46 71 57 2 41 3 70 0 98 51 50 44 67 53 62 18 73 61 77 26 11 54 39 89 29 21 5 15 33 31 65 27 16 64 85 49 83 12 6 95 93 99 14 68 37 91 38 80 94 
TEST 11 ARG:56 36 63 52 88 59 42 9 66 96 40 47 58 10 55 97 30 22 81 24 82 17 79 4 45 74 76 86 19 35 23 25 43 92 20 28 75 60 87 8 72 1 32 48 34 78 84 69 90 7 13 46 71 57 2 41 3 70 0 98 51 50 44 67 53 62 18 73 61 77 26 11 54 39 89 29 21 5 15 33 31 65 27 16 64 85 49 83 12 6 95 93 99 14 68 37 91 38 80 94 
TEST 12 ARG:94 8 65 58 16 86 81 39 92 32 97 50 95 57 46 7 33 91 0 64 71 90 20 49 30 84 61 73 19 77 2 60 15 26 1 41 29 89 88 87 36 96 44 27 56 35 69 80 14 25 5 79 85 43 37 40 6 48 70 72 78 53 76 83 3 9 18 22 63 68 34 82 42 67 62 28 93 45 12 51 47 98 21 52 11 13 17 54 31 74 4 66 55 99 59 24 23 38 10 75 
TEST 13 ARG:33 76 70 80 64 51 65 54 49 86 93 19 15 32 14 20 45 94 52 23 77 4 67 78 34 85 83 7 17 63 56 62 79 48 38 90 53 96 89 35 66 41 37 44 26 29 36 72 11 10 97 22 5 43 92 24 3 21 59 40 13 18 50 31 58 74 47 98 88 69 46 91 57 99 84 6 87 82 28 16 8 39 71 12 42 1 61 81 55 2 73 95 30 25 9 0 60 75 68 27 
TEST 13 ARG:33 76 70 80 64 51 65 54 49 86 93 19 15 32 14 20 45 94 52 23 77 4 67 78 34 85 83 7 17 63 56 62 79 48 38 90 53 96 89 35 66 41 37 44 26 29 36 72 11 10 97 22 5 43 92 24 3 21 59 40 13 18 50 31 58 74 47 98 88 69 46 91 57 99 84 6 87 82 28 16 8 39 71 12 42 1 61 81 55 2 73 95 30 25 9 0 60 75 68 27 
TEST 14 ARG:69 37 75 24 18 36 97 99 51 74 31 40 64 47 34 93 50 85 94 56 88 49 58 71 14 17 32 7 16 59 39 60 87 81 84 62 63 95 5 46 65 41 13 42 57 89 78 15 82 23 44 66 0 28 29 35 61 79 12 4 1 25 2 3 8 26 30 53 43 80 68 52 77 10 83 76 20 45 22 98 96 48 33 27 72 67 38 6 21 73 92 9 90 54 11 70 19 91 55 86 
TEST 15 ARG:31 59 0 55 1 73 20 45 28 43 14 78 97 21 63 41 52 76 71 81 86 24 53 9 77 6 90 46 7 5 54 38 51 58 37 35 92 42 88 84 3 34 26 65 98 29 11 18 95 47 82 10 36 79 19 44 33 61 93 87 30 94 96 68 8 91 49 16 40 4 22 17 15 74 62 85 67 50 66 39 13 69 70 80 89 72 27 99 48 25 75 2 12 60 23 64 57 56 32 83 
TEST 16 ARG:58 40 52 56 69 65 71 81 39 1 46 20 89 35 19 21 41 76 34 9 4 26 5 64 70 53 14 29 72 92 32 96 99 43 85 31 83 55 33 57 11 84 48 6 12 86 73 67 97 28 61 94 82 7 51 15 87 75 80 98 88 78 95 60 13 38 93 8 42 10 49 3 90 47 22 36 44 91 16 59 30 24 23 54 17 0 27 45 74 79 63 25 2 68 77 66 62 50 37 18 
TEST 16 ARG:58 40 52 56 69 65 71 81 39 1 46 20 89 35 19 21 41 76 34 9 4 26 5 64 70 53 14 29 72 92 32 96 99 43 85 31 83 55 33 57 11 84 48 6 12 86 73 67 97 28 61 94 82 7 51 15 87 75 80 98 88 78 95 60 13 38 93 8 42 10 49 3 90 47 22 36 44 91 16 59 30 24 23 54 17 0 27 45 74 79 63 25 2 68 77 66 62 50 37 18 
TEST 17 ARG:35 6 80 84 63 47 2 22 86 36 94 85 18 87 40 1 54 48 11 37 8 7 45 9 96 90 50 19 75 83 68 30 55 73 97 38 4 99 24 15 57 95 26 82 70 10 49 34 32 21 3 65 41 71 56 12 23 67 59 74 5 44 62 92 25 77 58 33 17 64 61 69 51 46 88 98 43 78 76 93 89 66 16 14 72 28 60 0 20 13 42 27 52 79 53 31 81 39 29 91 
TEST 17 ARG:35 6 80 84 63 47 2 22 86 36 94 85 18 87 40 1 54 48 11 37 8 7 45 9 96 90 50 19 75 83 68 30 55 73 97 38 4 99 24 15 57 95 26 82 70 10 49 34 32 21 3 65 41 71 56 12 23 67 59 74 5 44 62 92 25 77 58 33 17 64 61 69 51 46 88 98 43 78 76 93 89 66 16 14 72 28 60 0 20 13 42 27 52 79 53 31 81 39 29 91 
TEST 18 ARG:49 6 59 97 38 19 99 10 75 69 20 44 54 15 76 41 17 31 68 63 60 66 4 83 24 45 88 56 51 94 91 72 8 40 3 79 93 9 7 62 5 2 84 50 25 96 28 32 0 43 73 67 36 52 33 16 35 87 77 53 34 58 57 46 37 89 82 22 80 30 78 47 90 64 61 86 95 29 85 14 65 12 74 39 1 98 42 70 13 18 11 92 81 23 21 71 26 55 48 27 
TEST 19 ARG:72 84 73 92 33 57 93 40 37 56 58 60 50 97 67 30 82 94 86 55 28 70 42 71 63 78 61 54 15 32 51 17 9 53 81 69 98 6 91 44 95 20 38 76 4 3 45 16 8 90 29 24 96 43 35 25 7 68 14 49 75 41 31 22 89 23 19 79 36 47 77 10 65 2 5 1 64 39 83 0 13 59 11 46 66 12 87 62 48 80 26 85 99 34 27 52 88 21 18 74 
TEST 20 ARG:86 51 14 5 98 21 1 77 53 96 26 92 12 38 97 63 75 50 36 88 74 81 52 64 13 18 90 55 47 84 17 7 25 54 73 8 87 24 60 37 9 40 46 4 57 2 85 79 23 15 43 44 27 69 33 42 28 56 93 78 0 45 82 30 31 91 20 76 95 3 19 99 67 83 70 65 66 62 61 29 58 10 22 89 72 49 11 59 32 94 35 71 6 68 48 80 41 39 34 16 
TEST 21 ARG:29 51 9 13 88 73 81 57 15 83 65 38 49 41 1 47 32 96 68 91 2 44 86 71 67 59 10 82 94 72 60 21 87 48 23 84 92 52 22 80 3 4 63 50 37 25 95 31 6 28 7 85 46 99 8 69 19 79 56 97 93 53 12 0 17 5 39 27 26 98 55 89 20 66 33 42 16 30 76 58 54 61 11 18 74 14 40 75 62 34 36 90 78 45 64 43 35 70 24 77 
TEST 22 ARG:53 41 65 5 48 38 62 67 33 40 7 19 60 92 16 61 75 88 55 73 83 22 29 17 28 58 11 23 50 15 25 37 26 87 79 18 95 66 71 27 64 81 85 70 4 89 45 77 78 68 91 34 30 63 90 86 10 0 51 93 43 36 8 84 59 20 47 12 46 80 9 49 39 76 32 94 42 31 21 96 98 2 97 1 74 35 44 72 13 24 56 6 14 3 57 52 54 82 99 69 
TEST 23 ARG:45 58 10 72 2 25 12 22 36 39 23 8 26 42 73 55 0 30 76 15 81 68 87 69 66 43 99 85 97 86 82 96 51 5 70 56 53 41 9 11 92 19 28 40 60 32 90 18 1 93 78 7 47 54 52 21 29 67 83 16 35 6 80 84 64 65 34 33 31 75 61 57 46 59 24 17 38 74 77 71 98 89 20 95 48 4 37 91 49 50 13 14 3 79 88 27 44 63 94 62 
TEST 24 ARG:51 50 43 91 81 45 85 9 57 68 40 64 18 73 3 83 35 97 39 7 84 65 5 52 63 12 87 38 31 54 28 47 94 86 80 4 60 44 29 8 96 32 33 25 58 6 98 82 24 41 11 90 17 93 55 22 16 20 48 78 95 89 2 92 75 27 77 15 72 36 49 19 0 66 37 79 71 88 56 14 1 59 30 69 53 74 23 61 70 62 42 67 99 76 46 34 10 21 13 26 
TEST 24 ARG:51 50 43 91 81 45 85 9 57 68 40 64 18 73 3 83 35 97 39 7 84 65 5 52 63 12 87 38 31 54 28 47 94 86 80 4 60 44 29 8 96 32 33 25 58 6 98 82 24 41 11 90 17 93 55 22 16 20 48 78 95 89 2 92 75 27 77 15 72 36 49 19 0 66 37 79 71 88 56 14 1 59 30 69 53 74 23 61 70 62 42 67 99 76 46 34 10 21 13 26 
TEST 25 ARG:74 13 32 71 95 37 7 84 36 26 66 33 43 73 9 62 44 10 34 24 16 0 97 99 81 90 40 78 54 52 49 59 93 15 64 28 61 35 67 41 39 60 65 42 19 98 86 79 45 56 31 96 69 18 88 92 29 51 21 70 76 53 82 22 80 2 68 46 87 4 38 12 5 63 27 55 20 17 1 91 57 77 30 8 72 3 89 58 23 48 83 14 85 75 6 50 25 47 94 11 
TEST 25 ARG:74 13 32 71 95 37 7 84 36 26 66 33 43 73 9 62 44 10 34 24 16 0 97 99 81 90 40 78 54 52 49 59 93 15 64 28 61 35 67 41 39 60 65 42 19 98 86 79 45 56 31 96 69 18 88 92 29 51 21 70 76 53 82 22 80 2 68 46 87 4 38 12 5 63 27 55 20 17 1 91 57 77 30 8 72 3 89 58 23 48 83 14 85 75 6 50 25 47 94 11 
TEST 26 ARG:76 30 83 21 94 41 84 92 33 53 7 89 54 14 27 77 15 36 67 16 79 63 49 4 82 62 40 61 55 13 90 38 2 23 96 47 1 99 78 80 51 37 60 65 39 50 45 22 56 32 64 26 8 88 72 17 34 81 98 29 3 10 70 12 52 24 75 0 42 73 43 11 74 6 97 31 66 46 48 5 91 44 87 9 20 59 18 68 71 95 93 19 35 69 28 58 25 86 85 57 
TEST 27 ARG:63 11 28 87 20 13 90 9 91 72 57 74 79 96 38 39 59 43 25 19 53 88 67 6 73 64 61 16 21 70 4 10 12 66 41 84 22 29 99 75 34 31 45 93 18 15 89 50 82 17 40 97 94 54 83 85 81 42 3 24 1 98 60 48 14 95 56 77 68 76 32 35 78 86 92 37 5 62 30 44 33 7 47 8 49 69 2 51 55 71 36 27 65 23 46 52 80 0 26 58 
TEST 28 ARG:33 30 88 91 36 38 44 9 5 46 43 26 24 90 68 64 6 79 34 76 0 54 59 61 96 15 87 19 86 11 29 94 42 75 45 12 28 85 74 3 77 27 32 93 72 70 65 78 13 89 31 4 37 95 51 53 83 69 1 21 66 10 58 8 41 60 57 52 48 17 98 39 73 62 80 55 63 50 40 23 99 97 14 81 25 67 71 47 92 35 49 16 20 7 18 84 56 82 22 2 
TEST 28 ARG:33 30 88 91 36 38 44 9 5 46 43 26 24 90 68 64 6 79 34 76 0 54 59 61 96 15 87 19 86 11 29 94 42 75 45 12 28 85 74 3 77 27 32 93 72 70 65 78 13 89 31 4 37 95 51 53 83 69 1 21 66 10 58 8 41 60 57 52 48 17 98 39 73 62 80 55 63 50 40 23 99 97 14 81 25 67 71 47 92 35 49 16 20 7 18 84 56 82 22 2 
TEST 29 ARG:60 68 19 28 54 81 3 23 10 71 1 98 85 69 16 4 58 18 64 30 87 35 78 94 63 36 8 80 40 88 14 74 72 62 0 12 70 91 6 56 27 13 20 21 53 43 33 41 65 17 76 83 57 11 37 22 79 66 89 44 9 90 97 52 5 29 47 67 86 26 48 99 2 82 95 46 61 42 77 73 32 38 15 25 96 55 93 24 49 31 34 59 92 50 51 84 7 39 45 75 
TEST 29 ARG:60 68 19 28 54 81 3 23 10 71 1 98 85 69 16 4 58 18 64 30 87 35 78 94 63 36 8 80 40 88 14 74 72 62 0 12 70 91 6 56 27 13 20 21 53 43 33 41 65 17 76 83 57 11 37 22 79 66 89 44 9 90 97 52 5 29 47 67 86 26 48 99 2 82 95 46 61 42 77 73 32 38 15 25 96 55 93 24 49 31 34 59 92 50 51 84 7 39 45 75 
TEST 30 ARG:70 59 99 42 43 85 82 66 78 87 2 68 20 30 21 56 13 10 36 79 31 4 7 94 46 50 62 11 58 12 3 83 38 6 97 33 92 49 61 93 28 32 14 9 63 81 96 80 0 26 73 72 67 27 22 64 71 34 60 84 35 37 41 98 86 75 47 69 77 29 16 1 17 39 52 57 88 91 40 19 89 8 23 51 54 53 48 76 24 5 74 45 65 90 95 15 44 55 25 18 
TEST 30 ARG:70 59 99 42 43 85 82 66 78 87 2 68 20 30 21 56 13 10 36 79 31 4 7 94 46 50 62 11 58 12 3 83 38 6 97 33 92 49 61 93 28 32 14 9 63 81 96 80 0 26 73 72 67 27 22 64 71 34 60 84 35 37 41 98 86 75 47 69 77 29 16 1 17 39 52 57 88 91 40 19 89 8 23 51 54 53 48 76 24 5 74 45 65 90 95 15 44 55 25 18 
TEST 31 ARG:30 0 47 51 39 59 21 16 67 23 94 52 65 97 5 84 42 26 64 85 92 50 35 53 98 33 28 91 78 86 14 36 13 44 58 2 71 6 79 43 15 31 20 25 27 3 55 56 75 66 45 17 48 29 34 83 4 90 8 49 24 57 74 11 18 88 80 96 73 72 87 7 99 77 81 32 12 40 60 70 93 95 76 62 46 19 41 82 10 69 68 89 54 61 9 38 63 1 37 22 
TEST 32 ARG:25 63 95 66 98 57 35 14 93 79 99 38 23 84 9 15 86 76 91 1 53 0 6 85 73 83 42 40 77 82 50 3 69 70 92 88 61 13 97 18 31 26 74 24 80 20 62 32 39 45 89 52 28 75 67 30 8 33 71 22 64 54 2 17 51 11 12 5 65 47 94 55 90 7 37 41 27 68 4 60 49 21 19 34 29 56 43 96 78 36 59 87 46 16 81 48 10 44 58 72 
TEST 32 ARG:25 63 95 66 98 57 35 14 93 79 99 38 23 84 9 15 86 76 91 1 53 0 6 85 73 83 42 40 77 82 50 3 69 70 92 88 61 13 97 18 31 26 74 24 80 20 62 32 39 45 89 52 28 75 67 30 8 33 71 22 64 54 2 17 51 11 12 5 65 47 94 55 90 7 37 41 27 68 4 60 49 21 19 34 29 56 43 96 78 36 59 87 46 16 81 48 10 44 58 72 
TEST 33 ARG:24 7 13 31 5 6 88 62 85 37 8 87 45 97 89 27 54 40 52 10 81 46 2 79 75 39 48 36 70 82 4 26 44 34 9 63 53 65 20 64 61 28 93 58 68 98 1 94 16 14 91 35 43 32 38 19 92 41 49 33 25 67 17 42 71 60 95 47 66 56 78 83 12 76 80 69 57 29 11 22 90 72 30 21 86 84 96 0 74 50 55 51 23 59 3 18 15 73 99 77 
TEST 33 ARG:24 7 13 31 5 6 88 62 85 37 8 87 45 97 89 27 54 40 52 10 81 46 2 79 75 39 48 36 70 82 4 26 44 34 9 63 53 65 20 64 61 28 93 58 68 98 1 94 16 14 91 35 43 32 38 19 92 41 49 33 25 67 17 42 71 60 95 47 66 56 78 83 12 76 80 69 57 29 11 22 90 72 30 21 86 84 96 0 74 50 55 51 23 59 3 18 15 73 99 77 
TEST 34 ARG:0 33 16 89 25 46 85 96 65 77 14 79 3 71 17 80 99 36 19 44 66 10 90 22 81 98 28 21 26 40 23 54 7 61 87 29 82 9 13 30 27 34 60 1 59 51 42 64 84 32 8 6 50 69 94 5 31 92 74 68 75 53 37 41 73 48 12 67 70 35 20 15 63 2 55 91 52 97 11 72 38 95 86 4 83 47 24 62 57 58 78 88 18 56 93 45 49 43 76 39 
TEST 35 ARG:58 22 17 16 51 6 94 91 70 5 71 44 67 41 11 46 72 43 19 7 82 53 33 40 77 35 48 62 14 31 2 92 25 97 65 90 83 32 88 78 79 21 8 99 66 29 15 61 95 74 86 12 63 39 87 49 0 3 69 85 73 96 28 4 9 81 93 34 59 47 1 27 36 45 89 23 60 42 13 10 56 54 80 55 26 24 30 52 38 37 64 68 18 76 75 98 20 57 84 50 
TEST 35 ARG:58 22 17 16 51 6 94 91 70 5 71 44 67 41 11 46 72 43 19 7 82 53 33 40 77 35 48 62 14 31 2 92 25 97 65 90 83 32 88 78 79 21 8 99 66 29 15 61 95 74 86 12 63 39 87 49 0 3 69 85 73 96 28 4 9 81 93 34 59 47 1 27 36 45 89 23 60 42 13 10 56 54 80 55 26 24 30 52 38 37 64 68 18 76 75 98 20 57 84 50 
TEST 36 ARG:82 89 23 60 21 28 80 48 86 70 84 31 69 51 59 6 8 65 77 7 74 50 81 44 0 40 90 62 32 5 16 85 64 10 4 43 46 22 18 47 91 75 95 94 41 17 93 39 56 11 79 67 99 30 13 66 58 35 37 52 12 98 20 27 68 73 54 3 26 72 61 24 1 87 19 83 33 29 15 78 38 88 45 92 49 76 63 53 36 71 97 34 14 57 25 42 2 96 9 55 
TEST 37 ARG:0 11 65 87 10 75 51 8 43 60 94 82 69 72 99 2 1 19 22 63 6 27 50 81 16 42 78 32 61 79 59 38 46 92 96 83 48 15 54 18 24 47 93 73 84 64 88 30 39 7 21 86 74 49 23 70 53 34 98 45 55 12 57 17 14 62 52 97 29 31 37 68 3 4 28 89 58 36 91 71 26 20 13 67 25 40 66 33 35 56 41 90 76 44 9 5 77 95 80 85 
TEST 38 ARG:96 30 64 8 57 51 38 0 95 87 15 24 90 78 93 2 81 56 9 92 76 29 7 72 63 74 48 80 60 18 71 52 13 43 23 65 49 34 36 41 25 94 62 4 47 44 19 10 14 68 89 16 12 39 37 32 42 91 5 40 58 98 17 28 27 67 33 35 97 66 20 45 99 83 3 26 53 31 82 86 1 69 61 54 50 46 21 79 75 6 88 85 84 11 55 70 77 22 73 59 
TEST 38 ARG:96 30 64 8 57 51 38 0 95 87 15 24 90 78 93 2 81 56 9 92 76 29 7 72 63 74 48 80 60 18 71 52 13 43 23 65 49 34 36 41 25 94 62 4 47 44 19 10 14 68 89 16 12 39 37 32 42 91 5 40 58 98 17 28 27 67 33 35 97 66 20 45 99 83 3 26 53 31 82 86 1 69 61 54 50 46 21 79 75 6 88 85 84 11 55 70 77 22 73 59 
TEST 39 ARG:63 83 13 56 7 22 30 66 25 51 55 20 49 72 80 27 84 92 68 52 42 96 97 23 91 24 15 37 53 62 79 35 95 60 90 48 19 26 88 69 36 4 32 28 81 33 1 14 11 31 87 50 9 75 99 70 71 57 65 47 54 61 77 86 12 6 40 8 94 59 93 46 16 76 78 2 82 34 58 43 18 45 89 3 29 38 10 39 0 67 5 85 73 21 64 41 44 74 17 98 
TEST 39 ARG:63 83 13 56 7 22 30 66 25 51 55 20 49 72 80 27 84 92 68 52 42 96 97 23 91 24 15 37 53 62 79 35 95 60 90 48 19 26 88 69 36 4 32 28 81 33 1 14 11 31 87 50 9 75 99 70 71 57 65 47 54 61 77 86 12 6 40 8 94 59 93 46 16 76 78 2 82 34 58 43 18 45 89 3 29 38 10 39 0 67 5 85 73 21 64 41 44 74 17 98 
TEST 40 ARG:85 57 27 41 73 90 75 12 77 46 96 33 63 29 98 38 0 76 37 66 15 1 88 14 19 30 89 54 35 60 55 47 32 23 65 10 42 45 20 79 72 64 43 71 81 68 28 44 6 59 83 92 84 78 40 7 34 53 21 69 56 70 2 39 51 95 49 48 61 26 82 93 18 17 36 11 99 52 97 86 67 94 50 58 91 4 31 62 3 22 9 13 87 16 24 74 80 25 5 8 
TEST 40 ARG:85 57 27 41 73 90 75 12 77 46 96 33 63 29 98 38 0 76 37 66 15 1 88 14 19 30 89 54 35 60 55 47 32 23 65 10 42 45 20 79 72 64 43 71 81 68 28 44 6 59 83 92 84 78 40 7 34 53 21 69 56 70 2 39 51 95 49 48 61 26 82 93 18 17 36 11 99 52 97 86 67 94 50 58 91 4 31 62 3 22 9 13 87 16 24 74 80 25 5 8 
TEST 41 ARG:8 13 63 1 75 66 2 61 42 62 88 32 28 21 31 30 11 98 58 73 17 65 52 50 49 78 70 64 43 48 40 15 54 3 95 29 56 80 76 36 23 45 84 18 92 4 89 81 6 82 10 90 97 20 87 9 22 0 41 24 38 72 26 19 39 60 35 16 33 14 5 59 34 53 55 51 74 7 25 79 67 91 57 83 94 69 37 44 85 12 27 77 68 99 96 46 71 47 86 93 
TEST 41 ARG:8 13 63 1 75 66 2 61 42 62 88 32 28 21 31 30 11 98 58 73 17 65 52 50 49 78 70 64 43 48 40 15 54 3 95 29 56 80 76 36 23 45 84 18 92 4 89 81 6 82 10 90 97 20 87 9 22 0 41 24 38 72 26 19 39 60 35 16 33 14 5 59 34 53 55 51 74 7 25 79 67 91 57 83 94 69 37 44 85 12 27 77 68 99 96 46 71 47 86 93 
TEST 42 ARG:1 64 80 99 82 42 3 39 68 21 31 95 29 54 74 47 96 75 48 4 56 27 72 57 71 22 77 17 36 66 19 85 76 83 45 49 30 58 20 14 51 94 6 81 89 84 92 25 18 50 46 59 79 28 61 38 91 44 52 87 70 37 24 16 9 34 43 8 5 86 60 7 0 35 67 62 33 65 55 23 88 93 26 15 32 98 12 11 69 13 10 40 63 41 78 73 53 90 97 2 
TEST 43 ARG:57 62 37 30 91 1 97 2 93 69 23 46 74 51 52 33 72 15 8 63 95 36 25 47 11 19 10 75 4 55 71 98 70 79 45 6 35 77 18 5 73 16 53 60 94 90 13 49 7 65 84 38 88 20 86 85 22 64 42 41 87 92 67 61 66 48 32 34 43 40 82 21 3 39 0 44 58 26 59 17 76 56 12 9 89 14 78 27 31 96 29 83 28 68 81 24 99 54 80 50 
TEST 44 ARG:63 65 77 73 22 34 53 98 51 26 17 5 15 90 10 86 57 29 89 71 42 66 6 12 96 67 49 11 44 81 13 9 28 72 23 91 21 46 75 33 4 35 64 58 19 2 30 92 95 48 0 50 88 55 56 7 24 59 43 74 47 41 20 97 25 60 14 1 27 68 54 52 38 80 82 3 40 69 87 8 32 18 99 37 76 79 70 83 62 93 78 39 31 45 36 61 85 94 16 84 
TEST 44 ARG:63 65 77 73 22 34 53 98 51 26 17 5 15 90 10 86 57 29 89 71 42 66 6 12 96 67 49 11 44 81 13 9 28 72 23 91 21 46 75 33 4 35 64 58 19 2 30 92 95 48 0 50 88 55 56 7 24 59 43 74 47 41 20 97 25 60 14 1 27 68 54 52 38 80 82 3 40 69 87 8 32 18 99 37 76 79 70 83 62 93 78 39 31 45 36 61 85 94 16 84 
TEST 45 ARG:13 32 1 57 69 94 20 26 30 96 62 23 17 60 24 8 58 95 34 3 10 76 31 39 36 4 25 14 75 90 12 11 98 83 66 65 56 7 52 78 72 42 9 70 89 37 51 84 88 19 49 79 97 27 86 54 81 50 93 87 29 18 55 99 41 77 63 46 45 59 47 44 85 22 15 35 67 38 71 5 64 6 43 80 0 82 48 16 2 61 33 74 21 68 91 53 28 40 92 73 
TEST 45 ARG:13 32 1 57 69 94 20 26 30 96 62 23 17 60 24 8 58 95 34 3 10 76 31 39 36 4 25 14 75 90 12 11 98 83 66 65 56 7 52 78 72 42 9 70 89 37 51 84 88 19 49 79 97 27 86 54 81 50 93 87 29 18 55 99 41 77 63 46 45 59 47 44 85 22 15 35 67 38 71 5 64 6 43 80 0 82 48 16 2 61 33 74 21 68 91 53 28 40 92 73 
TEST 46 ARG:59 97 61 6 62 35 99 55 71 78 76 98 81 43 92 83 68 95 66 74 48 1 8 50 87 9 24 21 0 72 67 15 38 63 4 7 25 36 17 39 79 22 12 96 46 10 53 37 84 3 16 90 11 13 27 94 31 32 34 42 52 85 57 44 54 58 19 75 41 88 80 47 29 56 73 82 70 89 86 93 18 28 51 33 65 45 60 30 40 49 5 23 77 14 64 69 20 26 2 91 
TEST 47 ARG:40 22 12 54 94 53 17 5 63 64 3 25 37 47 28 13 72 27 34 98 6 90 58 46 84 95 79 16 24 10 4 8 2 19 69 66 81 30 45 7 14 76 23 80 33 60 21 74 93 41 78 56 35 50 31 86 29 97 26 92 11 52 42 43 89 20 88 49 9 73 67 15 38 36 59 75 39 87 57 1 82 91 44 55 32 77 51 70 62 99 48 96 68 65 83 71 61 18 0 85 
TEST 48 ARG:51 12 47 87 34 20 86 93 15 84 59 90 89 40 0 80 2 73 11 77 33 58 17 48 65 55 45 92 52 82 95 60 42 49 63 56 67 5 29 91 41 8 83 96 62 68 79 30 16 64 13 57 7 35 10 21 36 70 50 98 99 94 24 76 85 19 53 88 38 46 23 22 81 71 66 27 69 43 1 4 72 18 61 9 28 75 25 32 31 6 37 54 39 26 97 74 3 14 44 78 
TEST 49 ARG:84 23 11 78 1 67 94 58 39 89 73 75 40 24 92 95 41 72 22 88 99 0 60 8 43 19 74 91 32 17 57 97 90 30 29 15 87 86 10 42 77 51 56 37 69 45 80 63 21 50 49 7 38 55 70 33 31 3 81 12 98 13 54 64 27 36 26 76 48 28 83 44 4 16 14 62 71 53 20 68 65 82 9 59 2 47 18 5 61 46 79 34 25 85 96 52 93 66 6 35 
TEST 49 ARG:84 23 11 78 1 67 94 58 39 89 73 75 40 24 92 95 41 72 22 88 99 0 60 8 43 19 74 91 32 17 57 97 90 30 29 15 87 86 10 42 77 51 56 37 69 45 80 63 21 50 49 7 38 55 70 33 31 3 81 12 98 13 54 64 27 36 26 76 48 28 83 44 4 16 14 62 71 53 20 68 65 82 9 59 2 47 18 5 61 46 79 34 25 85 96 52 93 66 6 35 
TEST 50 ARG:45 39 40 63 51 5 59 21 17 2 82 14 91 73 19 36 81 10 9 89 98 13 93 64 84 30 85 28 33 12 67 50 97 95 53 7 68 72 34 75 41 18 44 16 3 46 11 90 62 23 1 24 37 79 55 80 77 47 54 92 48 99 49 87 20 43 83 31 15 29 60 25 71 8 22 57 88 38 76 0 65 4 61 74 69 58 78 94 66 35 42 6 56 26 96 86 32 70 27 52 
TEST 50 ARG:45 39 40 63 51 5 59 21 17 2 82 14 91 73 19 36 81 10 9 89 98 13 93 64 84 30 85 28 33 12 67 50 97 95 53 7 68 72 34 75 41 18 44 16 3 46 11 90 62 23 1 24 37 79 55 80 77 47 54 92 48 99 49 87 20 43 83 31 15 29 60 25 71 8 22 57 88 38 76 0 65 4 61 74 69 58 78 94 66 35 42 6 56 26 96 86 32 70 27 52 
TEST 51 ARG:50 26 42 11 67 96 7 16 31 94 14 64 70 86 56 61 27 33 84 75 12 91 95 48 52 80 5 68 10 72 30 38 19 76 21 98 90 87 1 74 0 82 92 97 77 63 2 40 4 81 32 79 29 23 36 45 20 37 99 51 55 35 65 39 24 83 17 71 49 9 47 85 18 78 93 66 8 25 89 73 44 58 43 62 53 88 41 13 34 28 15 57 59 69 60 22 54 46 3 6 
TEST 51 ARG:50 26 42 11 67 96 7 16 31 94 14 64 70 86 56 61 27 33 84 75 12 91 95 48 52 80 5 68 10 72 30 38 19 76 21 98 90 87 1 74 0 82 92 97 77 63 2 40 4 81 32 79 29 23 36 45 20 37 99 51 55 35 65 39 24 83 17 71 49 9 47 85 18 78 93 66 8 25 89 73 44 58 43 62 53 88 41 13 34 28 15 57 59 69 60 22 54 46 3 6 
TEST 52 ARG:79 39 38 59 98 65 0 62 40 35 36 34 9 5 75 14 6 74 87 77 71 58 82 53 49 7 66 73 33 44 21 63 92 89 25 46 28 41 51 20 1 86 64 30 37 22 43 76 55 57 23 4 31 13 19 18 72 12 16 45 97 42 96 27 90 24 2 61 26 70 85 52 84 11 17 54 78 83 29 15 80 47 50 95 81 88 56 69 91 68 3 93 8 60 10 48 32 99 94 67 
TEST 53 ARG:18 1 87 71 69 8 20 85 5 16 90 81 53 55 10 62 29 11 89 86 30 13 88 95 9 43 72 63 58 17 64 12 93 56 84 92 15 70 24 83 76 33 49 67 44 46 52 77 0 39 32 38 60 22 36 73 27 21 3 51 45 34 4 80 54 57 82 48 66 68 91 23 7 59 40 6 35 79 42 19 94 37 41 75 47 31 26 14 61 99 50 97 25 65 98 74 28 96 78 2 
TEST 53 ARG:18 1 87 71 69 8 20 85 5 16 90 81 53 55 10 62 29 11 89 86 30 13 88 95 9 43 72 63 58 17 64 12 93 56 84 92 15 70 24 83 76 33 49 67 44 46 52 77 0 39 32 38 60 22 36 73 27 21 3 51 45 34 4 80 54 57 82 48 66 68 91 23 7 59 40 6 35 79 42 19 94 37 41 75 47 31 26 14 61 99 50 97 25 65 98 74 28 96 78 2 
TEST 54 ARG:61 69 91 35 59 23 5 76 85 4 41 55 29 20 53 96 46 22 40 50 56 11 26 87 32 3 62 58 60 12 66 19 89 90 98 81 88 31 13 33 28 68 0 86 75 97 36 24 44 42 14 37 94 34 65 84 99 67 83 72 77 1 8 9 47 30 38 82 80 49 95 79 7 16 54 93 25 45 15 27 92 18 21 2 52 63 73 43 70 64 6 71 10 51 48 74 17 78 57 39 
TEST 54 ARG:61 69 91 35 59 23 5 76 85 4 41 55 29 20 53 96 46 22 40 50 56 11 26 87 32 3 62 58 60 12 66 19 89 90 98 81 88 31 13 33 28 68 0 86 75 97 36 24 44 42 14 37 94 34 65 84 99 67 83 72 77 1 8 9 47 30 38 82 80 49 95 79 7 16 54 93 25 45 15 27 92 18 21 2 52 63 73 43 70 64 6 71 10 51 48 74 17 78 57 39 
TEST 55 ARG:77 26 98 25 10 75 97 29 83 14 6 18 16 62 52 90 35 39 66 2 27 95 59 58 56 44 76 38 17 7 87 85 74 43 12 8 65 96 30 64 92 80 31 4 49 42 57 53 23 94 5 86 19 11 32 46 3 21 88 13 99 73 48 69 93 40 89 22 1 0 68 61 45 37 47 79 81 60 51 28 33 82 9 24 54 55 36 78 84 91 34 67 15 63 41 70 50 20 72 71 
TEST 56 ARG:71 2 16 30 72 65 34 62 77 76 1 54 61 57 98 23 93 50 35 56 82 73 10 9 31 60 22 75 53 84 15 7 24 18 95 4 48 69 80 32 83 97 29 41 51 59 28 88 39 38 27 0 64 36 67 12 79 87 26 85 14 52 55 70 86 44 11 17 58 6 8 3 81 90 20 47 66 13 40 37 68 99 78 89 25 49 63 94 33 43 5 92 42 74 19 45 46 91 21 96 
TEST 57 ARG:61 68 87 64 85 84 77 33 18 28 23 67 80 79 83 14 70 56 96 35 90 26 94 27 22 73 44 48 88 95 34 93 29 69 32 82 6 49 89 0 24 11 71 38 7 66 36 91 19 3 52 59 9 13 8 25 30 98 20 40 47 16 37 57 62 92 4 39 81 42 55 72 99 54 76 65 2 75 45 86 10 97 5 21 51 58 12 17 50 78 46 60 15 53 74 63 1 31 43 41 
TEST 57 ARG:61 68 87 64 85 84 77 33 18 28 23 67 80 79 83 14 70 56 96 35 90 26 94 27 22 73 44 48 88 95 34 93 29 69 32 82 6 49 89 0 24 11 71 38 7 66 36 91 19 3 52 59 9 13 8 25 30 98 20 40 47 16 37 57 62 92 4 39 81 42 55 72 99 54 76 65 2 75 45 86 10 97 5 21 51 58 12 17 50 78 46 60 15 53 74 63 1 31 43 41 
TEST 58 ARG:87 80 95 93 48 6 37 18 69 4 27 81 62 77 76 25 61 0 70 26 14 10 52 74 67 38 92 66 85 94 57 53 64 8 72 56 75 59 1 20 97 83 3 73 9 68 19 30 12 90 60 24 78 96 28 88 5 16 65 79 44 86 98 22 71 13 91 36 17 46 54 55 82 33 49 31 7 29 99 34 40 11 47 63 35 41 42 50 43 23 84 89 32 45 39 51 58 21 15 2 
TEST 58 ARG:87 80 95 93 48 6 37 18 69 4 27 81 62 77 76 25 61 0 70 26 14 10 52 74 67 38 92 66 85 94 57 53 64 8 72 56 75 59 1 20 97 83 3 73 9 68 19 30 12 90 60 24 78 96 28 88 5 16 65 79 44 86 98 22 71 13 91 36 17 46 54 55 82 33 49 31 7 29 99 34 40 11 47 63 35 41 42 50 43 23 84 89 32 45 39 51 58 21 15 2 
TEST 59 ARG:9 23 69 81 45 6 92 35 49 3 67 52 70 68 73 88 94 0 93 75 95 74 84 56 15 54 18 17 97 72 65 32 91 39 29 16 61 2 30 10 83 20 46 36 27 22 24 60 4 14 5 89 66 98 7 8 99 71 96 31 85 58 48 76 87 12 19 21 47 37 59 25 42 55 11 57 63 64 40 28 13 90 1 86 50 77 26 34 43 78 62 38 79 53 80 44 82 33 51 41 
TEST 60 ARG:21 5 52 36 17 80 89 42 71 41 62 6 12 7 13 76 49 15 83 20 0 73 34 84 37 1 81 44 56 47 32 30 29 46 95 67 31 75 39 86 3 38 96 58 68 2 90 98 65 8 43 22 24 57 54 82 51 59 27 79 11 55 92 78 77 91 26 4 70 63 25 69 48 45 9 28 18 93 85 64 99 53 94 10 40 61 72 87 23 97 16 14 35 33 60 19 66 50 88 74 
TEST 61 ARG:69 3 21 53 41 80 28 99 60 10 73 48 44 8 51 96 22 33 72 81 59 70 7 4 79 30 43 86 29 2 67 25 49 23 13 31 35 84 66 37 68 47 62 82 97 89 38 85 76 92 52 6 18 77 42 39 87 63 91 57 56 20 83 65 32 74 55 26 71 78 98 45 40 90 0 9 75 94 36 16 14 50 34 64 88 93 61 46 12 27 54 58 24 17 15 19 5 11 95 1 
TEST 62 ARG:3 74 47 90 91 85 56 19 48 24 1 73 46 54 0 15 92 67 61 87 77 29 22 30 2 36 41 13 17 37 32 58 42 95 4 65 53 94 40 43 78 96 99 70 80 50 20 66 81 44 10 21 8 25 76 45 33 9 68 52 7 12 51 26 49 35 16 11 93 75 86 71 72 31 5 62 79 18 28 39 98 83 55 64 60 34 84 14 27 23 89 59 38 57 63 88 82 69 97 6 
TEST 63 ARG:75 41 46 62 73 44 93 95 7 13 39 48 84 1 31 16 55 3 26 22 69 52 87 18 98 59 89 17 70 68 78 88 96 40 79 11 32 99 66 50 72 85 23 27 82 86 19 8 81 94 56 58 71 25 37 80 6 60 47 4 38 92 76 28 91 21 20 74 5 30 29 15 51 33 54 35 67 65 53 36 24 64 97 63 61 9 0 43 42 83 90 14 34 57 2 49 45 10 77 12 
TEST 64 ARG:23 71 45 96 32 78 1 19 37 27 26 69 60 39 72 49 34 83 22 6 38 62 3 59 2 43 76 28 52 46 9 41 29 82 14 79 51 18 66 24 8 57 64 44 89 36 65 74 86 25 75 54 21 53 20 70 17 63 84 67 48 87 81 10 80 31 61 4 50 13 97 55 85 11 88 99 90 92 77 15 47 5 95 35 30 91 0 93 58 56 12 16 98 68 7 73 42 33 40 94 
TEST 64 ARG:23 71 45 96 32 78 1 19 37 27 26 69 60 39 72 49 34 83 22 6 38 62 3 59 2 43 76 28 52 46 9 41 29 82 14 79 51 18 66 24 8 57 64 44 89 36 65 74 86 25 75 54 21 53 20 70 17 63 84 67 48 87 81 10 80 31 61 4 50 13 97 55 85 11 88 99 90 92 77 15 47 5 95 35 30 91 0 93 58 56 12 16 98 68 7 73 42 33 40 94 
TEST 65 ARG:53 28 56 35 6 86 16 99 59 67 98 77 69 33 58 3 94 32 41 95 73 44 96 47 91 88 54 79 13 70 0 76 38 4 9 26 87 52 75 51 31 37 48 22 24 90 89 81 5 17 60 7 12 14 8 93 21 65 23 19 57 11 1 30 71 45 10 49 61 78 39 43 25 68 83 82 36 55 92 85 40 74 27 15 50 80 84 34 97 29 46 2 18 42 20 72 66 63 64 62 
TEST 65 ARG:53 28 56 35 6 86 16 99 59 67 98 77 69 33 58 3 94 32 41 95 73 44 96 47 91 88 54 79 13 70 0 76 38 4 9 26 87 52 75 51 31 37 48 22 24 90 89 81 5 17 60 7 12 14 8 93 21 65 23 19 57 11 1 30 71 45 10 49 61 78 39 43 25 68 83 82 36 55 92 85 40 74 27 15 50 80 84 34 97 29 46 2 18 42 20 72 66 63 64 62 
TEST 66 ARG:40 16 73 84 33 0 57 1 81 88 68 49 85 80 21 41 72 71 7 18 91 83 93 30 39 28 92 11 53 2 34 76 31 96 66 75 10 86 14 35 48 98 25 46 8 52 27 17 60 42 82 22 58 50 19 69 43 78 56 38 90 24 5 9 20 67 79 59 15 26 51 94 4 62 54 64 61 36 6 13 87 3 70 32 29 74 55 63 45 65 77 47 44 99 23 97 37 95 12 89 
TEST 66 ARG:40 16 73 84 33 0 57 1 81 88 68 49 85 80 21 41 72 71 7 18 91 83 93 30 39 28 92 11 53 2 34 76 31 96 66 75 10 86 14 35 48 98 25 46 8 52 27 17 60 42 82 22 58 50 19 69 43 78 56 38 90 24 5 9 20 67 79 59 15 26 51 94 4 62 54 64 61 36 6 13 87 3 70 32 29 74 55 63 45 65 77 47 44 99 23 97 37 95 12 89 
TEST 67 ARG:31 37 56 10 58 79 82 81 87 8 65 38 36 41 52 32 69 92 74 23 98 6 24 5 77 9 42 25 20 11 28 97 89 59 54 45 83 51 63 62 40 4 76 50 57 43 93 34 85 86 96 78 47 80 44 46 7 39 3 61 84 2 26 48 71 30 49 33 53 17 21 55 19 95 35 91 68 88 0 90 66 94 64 14 72 27 18 1 29 16 15 73 60 67 12 99 13 22 70 75 
TEST 68 ARG:49 35 55 70 79 45 58 96 17 1 77 65 2 75 36 12 34 53 22 25 44 72 64 20 66 82 76 62 16 10 19 89 27 47 98 26 11 21 37 83 63 5 67 38 7 87 59 3 86 78 32 13 71 90 40 68 8 18 9 30 60 84 85 73 48 57 0 4 54 31 24 43 56 97 74 94 91 69 92 80 23 61 95 99 50 29 39 88 46 28 42 14 15 81 52 6 93 51 33 41 
TEST 68 ARG:49 35 55 70 79 45 58 96 17 1 77 65 2 75 36 12 34 53 22 25 44 72 64 20 66 82 76 62 16 10 19 89 27 47 98 26 11 21 37 83 63 5 67 38 7 87 59 3 86 78 32 13 71 90 40 68 8 18 9 30 60 84 85 73 48 57 0 4 54 31 24 43 56 97 74 94 91 69 92 80 23 61 95 99 50 29 39 88 46 28 42 14 15 81 52 6 93 51 33 41 
TEST 69 ARG:50 39 7 48 38 97 61 14 70 72 23 8 36 1 77 98 57 71 63 94 21 40 10 81 56 86 51 49 11 64 74 78 59 6 33 4 29 53 54 95 3 76 17 42 66 27 0 26 20 82 62 87 79 28 91 19 37 85 41 89 69 22 13 44 24 88 30 90 5 9 92 73 60 75 12 43 15 83 35 31 52 2 34 32 25 96 46 45 99 55 84 65 58 16 18 67 68 47 80 93 
TEST 69 ARG:50 39 7 48 38 97 61 14 70 72 23 8 36 1 77 98 57 71 63 94 21 40 10 81 56 86 51 49 11 64 74 78 59 6 33 4 29 53 54 95 3 76 17 42 66 27 0 26 20 82 62 87 79 28 91 19 37 85 41 89 69 22 13 44 24 88 30 90 5 9 92 73 60 75 12 43 15 83 35 31 52 2 34 32 25 96 46 45 99 55 84 65 58 16 18 67 68 47 80 93 
TEST 70 ARG:70 31 67 37 98 6 32 96 88 10 3 90 28 74 87 93 69 80 94 57 0 59 65 54 44 49 17 72 52 50 38 89 77 4 34 40 27 18 64 79 29 35 91 92 51 66 60 25 41 47 85 55 95 16 71 23 81 24 84 11 63 53 13 5 12 56 58 33 36 21 83 75 14 7 1 61 73 30 26 78 2 86 97 15 62 48 82 99 42 8 19 9 20 45 76 46 43 68 39 22 
TEST 70 ARG:70 31 67 37 98 6 32 96 88 10 3 90 28 74 87 93 69 80 94 57 0 59 65 54 44 49 17 72 52 50 38 89 77 4 34 40 27 18 64 79 29 35 91 92 51 66 60 25 41 47 85 55 95 16 71 23 81 24 84 11 63 53 13 5 12 56 58 33 36 21 83 75 14 7 1 61 73 30 26 78 2 86 97 15 62 48 82 99 42 8 19 9 20 45 76 46 43 68 39 22 
TEST 71 ARG:13 81 42 32 22 17 9 75 88 66 49 85 33 43 50 34 97 2 95 58 54 65 98 23 1 56 69 74 99 35 48 39 87 73 92 76 15 10 29 4 51 63 91 16 64 61 80 3 82 67 6 27 44 0 57 45 28 86 8 77 38 26 52 40 14 12 24 53 18 96 46 36 19 59 60 7 72 25 30 78 47 68 55 79 41 31 20 70 93 84 89 21 94 90 11 5 71 62 37 83 
TEST 72 ARG:78 72 76 75 15 37 22 50 31 80 24 58 94 65 59 26 7 41 47 52 28 18 74 27 11 56 42 0 88 16 63 12 51 92 96 91 13 69 9 99 98 20 81 45 10 1 46 86 17 60 30 77 70 34 64 6 44 55 54 85 67 61 8 48 38 43 23 35 82 71 29 49 4 97 39 84 32 73 83 36 2 3 89 90 5 14 57 25 93 40 87 79 62 66 95 19 33 21 68 53 
TEST 73 ARG:75 67 68 82 50 94 99 52 34 43 30 37 28 11 72 20 92 89 65 31 46 5 51 76 0 60 3 83 53 49 58 79 39 44 45 96 95 33 71 70 8 84 62 54 40 86 1 63 56 90 29 15 91 9 97 59 23 41 27 14 69 78 10 55 47 38 87 6 42 81 25 24 57 93 64 22 32 26 18 66 16 74 98 7 61 12 35 85 48 13 4 73 2 36 17 80 19 88 21 77 
TEST 73 ARG:75 67 68 82 50 94 99 52 34 43 30 37 28 11 72 20 92 89 65 31 46 5 51 76 0 60 3 83 53 49 58 79 39 44 45 96 95 33 71 70 8 84 62 54 40 86 1 63 56 90 29 15 91 9 97 59 23 41 27 14 69 78 10 55 47 38 87 6 42 81 25 24 57 93 64 22 32 26 18 66 16 74 98 7 61 12 35 85 48 13 4 73 2 36 17 80 19 88 21 77 
TEST 74 ARG:51 79 21 80 92 16 1 5 45 62 29 99 26 64 96 66 50 81 32 83 47 0 31 74 59 52 15 25 60 14 13 73 48 93 71 46 8 11 54 20 27 43 9 7 97 12 86 38 90 57 77 10 65 17 33 23 4 94 88 98 30 72 70 44 82 3 61 87 19 36 49 55 53 34 68 84 2 63 76 22 6 18 41 89 37 69 40 85 91 95 67 35 39 42 24 58 78 75 28 56 
TEST 75 ARG:67 25 88 65 77 64 38 48 3 46 72 35 17 30 74 71 40 75 79 62 63 6 18 33 50 43 21 93 24 8 31 82 52 23 92 89 4 10 16 37 13 29 49 9 42 27 51 68 15 78 57 97 32 0 44 7 61 14 85 53 95 80 81 34 56 98 22 2 83 28 11 69 41 54 94 55 39 12 58 66 84 20 91 1 90 86 99 59 73 60 47 36 96 45 26 76 87 5 19 70 
TEST 76 ARG:25 36 74 76 80 79 55 8 0 13 71 7 98 38 16 39 28 20 14 48 72 30 44 95 24 82 68 73 84 54 5 49 27 64 47 58 10 9 46 78 53 63 26 90 93 50 3 22 2 57 99 96 61 18 52 40 6 34 42 62 21 35 23 85 83 67 41 33 56 45 75 70 87 81 37 69 60 4 59 66 94 43 17 88 65 1 97 86 51 15 31 91 32 77 12 19 92 29 11 89 
TEST 77 ARG:70 11 47 6 44 89 12 69 26 21 42 39 2 0 16 53 46 90 20 84 7 68 85 32 75 18 82 87 72 61 29 91 33 55 83 28 76 22 73 57 60 66 30 34 4 40 13 10 8 58 35 95 15 49 71 36 19 62 52 81 56 59 41 45 23 5 37 65 97 9 25 88 1 48 79 17 77 51 63 27 67 50 74 99 98 14 78 93 24 43 54 94 64 86 96 3 92 38 80 31 
TEST 77 ARG:70 11 47 6 44 89 12 69 26 21 42 39 2 0 16 53 46 90 20 84 7 68 85 32 75 18 82 87 72 61 29 91 33 55 83 28 76 22 73 57 60 66 30 34 4 40 13 10 8 58 35 95 15 49 71 36 19 62 52 81 56 59 41 45 23 5 37 65 97 9 25 88 1 48 79 17 77 51 63 27 67 50 74 99 98 14 78 93 24 43 54 94 64 86 96 3 92 38 80 31 
TEST 78 ARG:33 10 15 82 68 37 97 83 54 73 64 35 59 20 58 49 7 26 24 34 96 2 86 8 38 31 81 61 70 32 75 60 90 62 55 77 21 4 95 67 80 28 91 36 12 87 42 41 46 44 14 6 76 99 11 0 65 48 78 16 19 79 29 63 45 39 40 71 27 53 3 30 93 51 56 5 72 17 92 52 43 69 74 66 85 94 88 23 57 84 47 89 50 13 18 1 25 9 98 22 
TEST 78 ARG:33 10 15 82 68 37 97 83 54 73 64 35 59 20 58 49 7 26 24 34 96 2 86 8 38 31 81 61 70 32 75 60 90 62 55 77 21 4 95 67 80 28 91 36 12 87 42 41 46 44 14 6 76 99 11 0 65 48 78 16 19 79 29 63 45 39 40 71 27 53 3 30 93 51 56 5 72 17 92 52 43 69 74 66 85 94 88 23 57 84 47 89 50 13 18 1 25 9 98 22 
TEST 79 ARG:87 93 45 30 2 36 99 84 74 38 72 26 52 92 12 4 21 39 82 63 10 68 95 8 44 75 13 27 56 5 43 76 96 98 7 89 53 55 33 54 78 71 17 77 73 57 47 70 80 9 59 37 49 15 16 91 23 65 35 79 64 88 40 0 51 31 94 86 22 50 3 6 66 85 48 18 32 34 28 81 24 97 42 67 46 41 14 90 25 58 69 11 29 60 19 61 20 1 62 83 
TEST 79 ARG:87 93 45 30 2 36 99 84 74 38 72 26 52 92 12 4 21 39 82 63 10 68 95 8 44 75 13 27 56 5 43 76 96 98 7 89 53 55 33 54 78 71 17 77 73 57 47 70 80 9 59 37 49 15 16 91 23 65 35 79 64 88 40 0 51 31 94 86 22 50 3 6 66 85 48 18 32 34 28 81 24 97 42 67 46 41 14 90 25 58 69 11 29 60 19 61 20 1 62 83 
TEST 80 ARG:87 2 85 99 95 23 11 75 38 36 44 96 40 94 52 27 8 1 60 71 16 73 12 39 30 19 9 24 92 72 80 4 59 65 29 33 21 84 70 90 83 47 31 91 89 32 62 48 17 14 13 61 42 26 41 97 53 50 10 34 3 77 66 56 25 79 67 51 55 7 6 35 69 0 64 98 88 18 37 74 86 20 28 5 82 76 49 54 81 22 46 58 15 45 43 68 93 78 57 63 
TEST 81 ARG:76 15 94 24 9 92 63 82 64 80 10 93 97 50 14 85 98 31 57 1 74 38 65 96 58 73 69 61 66 67 29 81 70 83 47 36 23 95 53 27 18 46 13 77 11 34 39 59 22 21 75 68 84 99 45 89 71 6 90 78 20 8 60 54 32 7 62 19 4 17 25 28 35 3 42 72 48 51 87 56 43 37 79 5 12 26 55 2 40 30 49 44 91 52 33 88 0 16 86 41 
TEST 82 ARG:47 61 52 49 56 80 99 77 64 78 68 5 83 26 54 37 29 27 6 48 38 23 72 65 84 43 70 53 71 36 97 34 91 60 58 51 20 7 82 14 8 44 73 98 35 90 86 1 88 16 45 76 19 9 96 11 30 40 33 22 32 92 42 87 94 28 75 46 50 3 2 74 66 57 55 79 89 62 41 18 17 15 59 63 10 81 95 39 31 85 25 0 4 93 13 69 12 67 24 21 
TEST 82 ARG:47 61 52 49 56 80 99 77 64 78 68 5 83 26 54 37 29 27 6 48 38 23 72 65 84 43 70 53 71 36 97 34 91 60 58 51 20 7 82 14 8 44 73 98 35 90 86 1 88 16 45 76 19 9 96 11 30 40 33 22 32 92 42 87 94 28 75 46 50 3 2 74 66 57 55 79 89 62 41 18 17 15 59 63 10 81 95 39 31 85 25 0 4 93 13 69 12 67 24 21 
TEST 83 ARG:21 41 49 79 33 77 74 23 57 11 32 44 27 26 63 1 7 86 40 72 25 46 35 2 69 68 53 13 18 64 34 70 55 12 42 38 96 65 15 89 87 14 84 9 31 54 50 73 8 48 22 30 83 76 52 90 10 85 59 19 71 37 62 78 6 80 43 4 67 61 29 24 28 88 47 93 94 81 95 99 60 58 66 5 51 39 36 97 92 98 56 20 0 75 91 16 82 3 17 45 
TEST 84 ARG:28 59 97 35 51 68 86 72 5 69 42 33 16 93 78 43 77 38 17 14 88 45 70 50 2 55 91 52 65 79 89 32 26 13 92 7 22 1 9 62 64 34 10 44 25 90 56 36 74 24 29 48 4 83 41 18 27 11 3 60 84 66 87 73 21 85 23 31 46 8 76 63 67 20 95 0 98 30 53 49 94 12 39 58 6 99 75 15 61 71 54 80 47 19 57 82 81 37 96 40 
TEST 85 ARG:27 41 8 74 52 77 34 21 44 80 62 79 65 64 67 0 17 57 50 93 85 15 11 89 68 76 42 29 4 12 37 94 46 51 3 48 43 9 91 61 22 19 66 33 60 38 87 92 59 2 16 71 58 32 13 55 82 97 45 10 30 86 72 81 49 78 5 40 90 36 18 69 39 25 54 84 24 35 88 75 31 53 99 83 14 23 20 47 7 26 28 6 96 95 73 98 56 1 63 70 
TEST 85 ARG:27 41 8 74 52 77 34 21 44 80 62 79 65 64 67 0 17 57 50 93 85 15 11 89 68 76 42 29 4 12 37 94 46 51 3 48 43 9 91 61 22 19 66 33 60 38 87 92 59 2 16 71 58 32 13 55 82 97 45 10 30 86 72 81 49 78 5 40 90 36 18 69 39 25 54 84 24 35 88 75 31 53 99 83 14 23 20 47 7 26 28 6 96 95 73 98 56 1 63 70 
TEST 86 ARG:6 90 92 65 58 55 5 32 63 74 10 99 73 11 29 30 45 27 46 17 35 86 3 60 50 91 87 75 82 4 40 14 52 94 48 95 78 41 16 56 49 37 96 61 72 84 57 59 54 39 24 83 88 21 18 23 9 22 62 67 79 43 76 26 85 15 19 34 77 7 2 51 12 70 31 42 1 0 81 53 80 47 98 38 44 64 36 25 89 33 97 13 68 66 28 93 69 20 8 71 
TEST 87 ARG:43 91 6 86 36 30 54 17 85 33 22 59 93 62 60 8 37 67 28 68 32 55 34 47 7 95 79 14 69 74 38 83 75 29 39 1 23 13 46 80 51 87 50 57 97 45 64 26 15 49 78 61 2 19 99 21 76 82 94 10 40 89 84 44 56 31 18 25 24 81 71 4 90 35 92 27 63 72 3 11 65 58 66 9 96 73 52 20 77 5 88 0 48 16 42 53 98 70 41 12 
TEST 88 ARG:55 0 15 30 80 97 8 65 43 89 72 35 82 92 26 44 4 77 12 87 99 39 76 34 37 54 93 20 90 60 85 33 13 68 24 7 2 9 70 6 1 96 16 79 95 21 52 48 19 64 45 53 66 88 84 78 47 67 51 5 17 23 28 74 46 81 11 22 50 29 62 38 69 59 83 27 58 18 86 10 71 3 40 98 42 32 63 14 41 91 36 61 73 94 57 31 49 56 25 75 
TEST 89 ARG:37 91 87 1 63 11 97 16 3 35 38 40 58 96 62 51 72 4 88 68 18 78 77 21 29 80 98 12 36 24 6 66 9 71 32 76 55 90 23 81 70 28 86 15 30 49 52 22 92 95 65 60 83 10 89 82 41 19 0 5 84 45 54 57 48 44 34 67 14 39 13 69 61 31 47 53 94 26 17 33 46 56 93 50 75 20 59 7 73 99 64 25 79 27 42 85 2 74 43 8 
TEST 89 ARG:37 91 87 1 63 11 97 16 3 35 38 40 58 96 62 51 72 4 88 68 18 78 77 21 29 80 98 12 36 24 6 66 9 71 32 76 55 90 23 81 70 28 86 15 30 49 52 22 92 95 65 60 83 10 89 82 41 19 0 5 84 45 54 57 48 44 34 67 14 39 13 69 61 31 47 53 94 26 17 33 46 56 93 50 75 20 59 7 73 99 64 25 79 27 42 85 2 74 43 8 
TEST 90 ARG:63 92 20 56 70 14 43 61 53 89 21 8 86 35 62 4 74 81 0 15 1 26 18 66 39 32 30 77 34 31 22 49 27 83 7 41 57 87 69 10 3 60 37 84 95 9 68 33 2 82 98 59 90 45 91 28 23 80 16 52 71 75 58 24 96 29 11 38 73 40 25 79 85 48 88 44 94 54 5 65 55 76 13 64 47 17 97 99 12 93 36 19 46 42 50 51 6 67 72 78 
TEST 91 ARG:86 16 79 17 40 25 20 7 39 93 60 74 59 13 45 4 0 43 52 56 94 73 15 81 24 90 29 91 31 49 98 54 78 27 57 51 38 12 53 6 89 82 44 83 96 77 35 71 62 65 33 97 18 84 92 58 55 36 72 28 21 41 48 88 5 64 19 87 14 69 10 30 50 42 9 8 95 80 76 23 22 3 47 75 68 1 11 34 26 37 2 67 46 63 99 61 32 85 70 66 
TEST 92 ARG:19 22 10 12 38 93 35 9 59 4 94 64 63 60 8 78 96 26 43 54 74 33 46 23 58 42 21 52 40 99 62 13 84 65 15 41 7 87 37 95 97 88 44 20 82 2 14 67 5 71 11 51 57 89 32 16 75 90 17 18 50 31 53 6 69 92 47 72 73 30 1 34 81 0 77 68 3 49 25 56 27 24 36 28 66 61 80 48 83 76 98 85 70 79 29 55 91 45 86 39 
TEST 93 ARG:71 92 48 90 53 63 32 82 73 66 19 4 74 3 72 70 39 16 64 1 20 44 38 60 11 93 98 61 14 80 27 25 67 13 2 5 87 41 10 34 12 35 50 21 57 46 75 7 96 54 85 40 31 78 22 28 8 42 86 6 30 45 52 94 49 15 95 0 58 29 37 69 84 83 81 89 43 97 17 26 91 18 99 47 36 33 76 88 9 55 65 23 77 56 68 24 59 79 51 62 
TEST 93 ARG:71 92 48 90 53 63 32 82 73 66 19 4 74 3 72 70 39 16 64 1 20 44 38 60 11 93 98 61 14 80 27 25 67 13 2 5 87 41 10 34 12 35 50 21 57 46 75 7 96 54 85 40 31 78 22 28 8 42 86 6 30 45 52 94 49 15 95 0 58 29 37 69 84 83 81 89 43 97 17 26 91 18 99 47 36 33 76 88 9 55 65 23 77 56 68 24 59 79 51 62 
TEST 94 ARG:60 91 98 20 77 15 14 35 46 86 70 58 64 92 69 6 38 96 66 28 49 99 32 52 9 72 87 51 59 90 1 71 33 81 74 89 76 22 23 27 43 42 25 84 56 34 41 65 57 62 54 30 11 39 7 21 19 95 44 55 45 10 53 31 2 4 79 63 80 3 24 26 93 78 8 47 75 68 17 97 18 37 48 50 73 0 85 16 29 12 83 5 40 13 82 67 36 61 94 88 
TEST 94 ARG:60 91 98 20 77 15 14 35 46 86 70 58 64 92 69 6 38 96 66 28 49 99 32 52 9 72 87 51 59 90 1 71 33 81 74 89 76 22 23 27 43 42 25 84 56 34 41 65 57 62 54 30 11 39 7 21 19 95 44 55 45 10 53 31 2 4 79 63 80 3 24 26 93 78 8 47 75 68 17 97 18 37 48 50 73 0 85 16 29 12 83 5 40 13 82 67 36 61 94 88 
TEST 95 ARG:24 11 25 73 78 50 12 13 56 72 17 59 36 9 81 30 90 92 91 96 67 28 29 16 82 57 53 1 87 74 97 95 42 48 61 62 23 46 8 76 47 27 41 10 77 51 45 68 63 26 94 84 21 18 86 66 70 89 58 64 69 6 54 7 19 31 15 55 49 40 0 80 93 22 3 85 44 4 65 39 43 60 5 99 38 71 37 83 35 32 88 98 33 52 79 75 2 20 14 34 
TEST 96 ARG:23 59 81 24 53 76 49 9 13 3 88 16 57 85 19 96 87 46 69 5 12 41 91 40 58 31 33 7 93 73 60 52 62 1 54 55 74 86 47 48 30 14 36 32 21 90 25 95 43 64 68 72 71 17 78 28 4 94 15 2 22 38 20 0 44 99 66 42 79 83 6 82 92 77 51 29 70 10 61 18 63 84 67 89 11 98 65 50 26 97 35 39 34 27 56 45 37 80 75 8 
TEST 96 ARG:23 59 81 24 53 76 49 9 13 3 88 16 57 85 19 96 87 46 69 5 12 41 91 40 58 31 33 7 93 73 60 52 62 1 54 55 74 86 47 48 30 14 36 32 21 90 25 95 43 64 68 72 71 17 78 28 4 94 15 2 22 38 20 0 44 99 66 42 79 83 6 82 92 77 51 29 70 10 61 18 63 84 67 89 11 98 65 50 26 97 35 39 34 27 56 45 37 80 75 8 
TEST 97 ARG:12 65 89 17 97 21 14 36 85 37 8 74 56 71 18 31 10 3 99 22 39 52 7 72 63 84 51 16 91 67 98 62 6 26 58 9 25 93 96 35 86 75 69 19 28 68 64 46 59 48 92 41 15 94 27 5 90 82 49 87 50 73 1 40 66 11 33 57 80 60 38 2 44 45 32 53 83 81 20 24 95 34 61 78 54 13 4 43 77 47 23 29 88 70 42 76 30 0 55 79 
TEST 98 ARG:51 53 20 82 2 72 91 9 66 18 43 23 75 96 27 97 22 21 71 15 48 3 47 64 39 46 7 25 79 58 61 36 83 33 4 56 77 6 69 70 8 41 24 84 14 73 98 62 0 78 89 65 30 55 68 50 52 57 35 87 28 34 5 42 29 44 38 19 76 31 99 63 94 81 92 10 59 86 16 26 40 11 88 49 93 12 1 13 32 95 37 74 17 60 90 85 45 80 67 54 
TEST 98 ARG:51 53 20 82 2 72 91 9 66 18 43 23 75 96 27 97 22 21 71 15 48 3 47 64 39 46 7 25 79 58 61 36 83 33 4 56 77 6 69 70 8 41 24 84 14 73 98 62 0 78 89 65 30 55 68 50 52 57 35 87 28 34 5 42 29 44 38 19 76 31 99 63 94 81 92 10 59 86 16 26 40 11 88 49 93 12 1 13 32 95 37 74 17 60 90 85 45 80 67 54 
TEST 99 ARG:32 91 96 46 81 2 21 63 20 83 35 72 25 87 55 82 84 7 12 38 14 39 58 44 26 11 24 85 74 71 5 47 19 31 40 36 69 22 92 95 48 59 50 3 97 66 1 43 75 67 6 79 61 53 42 65 57 88 60 78 90 18 0 49 10 45 30 94 86 93 98 73 15 76 80 9 29 23 51 28 54 27 70 34 64 77 99 17 52 8 89 62 56 16 4 37 33 68 13 41 
TEST 99 ARG:32 91 96 46 81 2 21 63 20 83 35 72 25 87 55 82 84 7 12 38 14 39 58 44 26 11 24 85 74 71 5 47 19 31 40 36 69 22 92 95 48 59 50 3 97 66 1 43 75 67 6 79 61 53 42 65 57 88 60 78 90 18 0 49 10 45 30 94 86 93 98 73 15 76 80 9 29 23 51 28 54 27 70 34 64 77 99 17 52 8 89 62 56 16 4 37 33 68 13 41 
TEST 100 ARG:44 45 26 20 67 24 21 3 93 9 29 39 89 62 40 77 0 42 72 86 27 85 43 7 70 22 78 53 25 90 87 12 81 28 47 52 95 31 2 4 65 66 5 56 61 88 94 99 8 50 51 14 58 79 33 46 23 30 84 37 92 36 82 15 71 96 75 55 54 76 1 97 73 80 68 69 49 35 64 16 11 57 18 41 83 10 63 19 13 6 32 34 74 59 60 91 17 38 48 98 
TEST 101 ARG:96 76 34 60 36 40 43 21 79 29 45 42 59 66 33 49 32 71 38 37 23 1 16 18 87 78 26 8 27 13 97 84 50 11 92 70 85 86 54 93 47 67 53 14 31 98 94 9 56 99 95 88 62 17 7 73 72 57 65 39 4 24 44 30 41 91 10 2 12 61 80 52 77 51 82 63 64 15 3 5 35 20 48 89 69 90 81 74 46 6 19 55 28 0 25 58 75 22 68 83 
TEST 102 ARG:25 43 23 13 76 41 18 73 83 75 58 19 88 56 72 97 82 36 85 27 4 2 61 7 38 52 12 94 70 96 28 92 24 3 66 64 0 78 8 62 98 99 60 21 33 59 15 40 79 35 14 69 77 50 42 17 51 86 46 37 5 10 63 49 65 16 80 93 6 34 39 31 71 89 30 53 68 20 67 90 91 81 9 54 26 87 32 45 1 29 84 44 22 55 11 57 47 74 95 48 
TEST 102 ARG:25 43 23 13 76 41 18 73 83 75 58 19 88 56 72 97 82 36 85 27 4 2 61 7 38 52 12 94 70 96 28 92 24 3 66 64 0 78 8 62 98 99 60 21 33 59 15 40 79 35 14 69 77 50 42 17 51 86 46 37 5 10 63 49 65 16 80 93 6 34 39 31 71 89 30 53 68 20 67 90 91 81 9 54 26 87 32 45 1 29 84 44 22 55 11 57 47 74 95 48 
TEST 103 ARG:61 90 54 83 29 46 49 68 70 25 94 44 3 92 6 97 28 39 37 38 33 73 96 22 31 7 63 0 26 78 91 13 93 1 34 8 88 87 19 51 89 23 55 80 65 74 99 79 20 67 18 76 12 56 62 81 57 82 59 43 85 64 84 21 42 41 9 4 17 50 52 95 27 36 71 15 14 11 2 98 16 5 35 32 58 75 24 66 30 86 77 48 72 40 10 53 69 47 60 45 
TEST 104 ARG:67 21 5 73 41 38 85 27 87 44 19 64 97 63 31 71 70 11 37 83 36 29 96 47 17 55 4 13 90 75 82 0 79 72 52 49 30 34 20 16 98 74 2 10 51 14 24 94 92 18 54 22 91 66 50 12 81 3 43 15 68 7 59 78 42 61 26 46 35 28 80 39 88 56 84 65 57 6 1 86 45 33 53 32 95 60 23 58 76 89 25 69 48 40 9 8 99 93 77 62 
TEST 105 ARG:46 40 3 52 85 95 18 38 98 64 62 36 71 75 59 33 29 57 30 80 58 65 73 72 76 79 19 50 17 37 7 97 28 66 55 5 6 41 1 44 8 24 70 27 60 74 68 13 90 69 88 96 22 83 16 15 12 86 51 93 49 56 26 91 20 63 84 9 34 23 47 94 67 31 61 89 53 32 77 92 39 42 54 11 10 81 14 2 35 21 78 43 45 48 99 25 0 4 82 87 
TEST 105 ARG:46 40 3 52 85 95 18 38 98 64 62 36 71 75 59 33 29 57 30 80 58 65 73 72 76 79 19 50 17 37 7 97 28 66 55 5 6 41 1 44 8 24 70 27 60 74 68 13 90 69 88 96 22 83 16 15 12 86 51 93 49 56 26 91 20 63 84 9 34 23 47 94 67 31 61 89 53 32 77 92 39 42 54 11 10 81 14 2 35 21 78 43 45 48 99 25 0 4 82 87 
TEST 106 ARG:21 25 66 63 56 90 62 96 44 6 19 36 27 81 91 51 32 95 14 33 30 29 60 78 59 50 8 41 40 16 13 0 69 31 22 58 65 80 77 49 64 20 18 98 89 26 52 42 97 68 53 79 88 39 92 87 11 82 85 34 99 37 67 43 24 70 28 57 17 38 75 5 9 74 4 10 71 47 76 23 54 45 73 2 48 84 55 15 72 83 93 86 7 61 1 3 12 46 35 94 
TEST 107 ARG:0 67 42 89 8 50 51 97 70 59 13 22 43 31 60 95 98 5 12 86 25 21 32 65 4 80 69 58 92 6 62 30 40 9 52 96 90 10 44 71 35 63 41 33 36 11 48 91 79 23 66 3 93 1 37 27 49 34 54 20 85 75 76 39 47 46 45 24 81 55 68 16 72 87 17 7 19 88 73 57 64 94 99 74 15 84 38 18 26 83 14 82 29 77 56 78 53 61 28 2 
TEST 108 ARG:31 2 50 97 27 4 34 13 12 0 83 95 18 5 98 6 33 10 61 32 68 86 40 57 62 49 52 37 47 9 73 21 91 16 67 92 77 36 25 70 29 76 88 8 96 90 56 44 53 54 35 94 59 84 3 30 64 7 58 45 72 46 82 26 20 60 24 48 74 23 42 43 28 63 51 14 55 93 75 66 89 80 85 71 39 17 99 1 15 38 87 69 81 19 11 79 65 78 41 22 
TEST 109 ARG:81 75 49 57 55 83 1 94 65 77 59 93 28 87 37 3 61 76 34 48 71 95 12 88 80 39 36 25 69 44 23 5 91 6 41 67 2 56 47 52 21 30 29 20 11 45 4 43 64 40 17 90 98 26 10 50 58 79 27 53 38 0 63 72 35 51 19 22 31 97 24 18 32 70 66 86 15 60 68 92 33 96 7 42 46 82 13 14 89 74 73 84 99 62 16 78 85 8 9 54 
TEST 109 ARG:81 75 49 57 55 83 1 94 65 77 59 93 28 87 37 3 61 76 34 48 71 95 12 88 80 39 36 25 69 44 23 5 91 6 41 67 2 56 47 52 21 30 29 20 11 45 4 43 64 40 17 90 98 26 10 50 58 79 27 53 38 0 63 72 35 51 19 22 31 97 24 18 32 70 66 86 15 60 68 92 33 96 7 42 46 82 13 14 89 74 73 84 99 62 16 78 85 8 9 54 
TEST 110 ARG:9 86 11 26 52 93 49 69 8 37 99 73 14 88 56 19 95 85 50 75 96 47 74 80 31 27 7 82 13 39 58 42 71 94 51 4 84 65 40 89 20 30 0 32 83 59 10 68 92 72 67 18 12 43 17 45 64 28 79 54 60 98 2 5 66 25 62 33 70 53 81 77 36 78 61 23 24 90 55 57 21 63 35 29 87 44 6 38 91 15 46 22 34 16 76 97 48 41 1 3 
TEST 111 ARG:70 84 34 61 15 6 99 23 17 83 38 75 76 90 65 81 29 3 56 11 53 47 19 85 10 16 1 26 82 7 32 21 98 27 33 91 55 95 50 87 40 88 2 64 78 67 48 71 9 72 45 14 43 42 30 51 77 35 62 8 22 94 58 46 54 31 86 49 28 13 57 80 68 59 89 92 37 79 74 18 63 20 24 60 97 93 41 44 73 12 5 39 0 25 66 69 96 4 36 52 
TEST 112 ARG:24 29 28 91 12 78 71 67 21 96 20 61 76 58 14 40 26 85 65 56 34 73 94 9 2 19 13 90 39 98 59 89 52 97 33 87 25 83 54 72 80 35 45 7 16 68 57 82 62 75 0 18 99 42 64 5 74 27 1 10 46 66 30 93 37 86 41 17 95 77 88 8 23 3 38 36 53 84 79 44 11 92 70 60 4 55 32 81 22 15 47 31 49 6 51 48 43 50 69 63 
TEST 112 ARG:24 29 28 91 12 78 71 67 21 96 20 61 76 58 14 40 26 85 65 56 34 73 94 9 2 19 13 90 39 98 59 89 52 97 33 87 25 83 54 72 80 35 45 7 16 68 57 82 62 75 0 18 99 42 64 5 74 27 1 10 46 66 30 93 37 86 41 17 95 77 88 8 23 3 38 36 53 84 79 44 11 92 70 60 4 55 32 81 22 15 47 31 49 6 51 48 43 50 69 63 
TEST 113 ARG:29 81 59 66 36 25 68 34 4 53 99 2 95 0 35 17 96 74 80 18 61 93 92 46 67 79 57 40 16 38 54 45 15 88 28 70 47 7 21 41 51 97 19 94 5 26 31 14 8 12 6 90 50 64 13 83 32 78 63 71 75 72 52 87 48 85 43 82 30 27 77 84 91 44 37 3 76 22 55 62 9 98 65 1 23 33 69 10 42 39 20 73 24 58 89 56 60 49 11 86 
TEST 114 ARG:62 38 42 53 19 64 83 3 43 27 65 89 63 77 87 40 76 61 25 2 9 36 35 52 10 50 49 22 26 5 32 96 66 57 20 72 6 21 31 23 59 28 56 44 99 29 80 70 16 78 18 95 47 93 45 91 33 11 74 58 0 24 75 69 84 73 54 67 82 60 86 51 79 55 90 85 68 7 92 41 94 48 30 81 14 12 34 15 1 71 37 97 46 17 39 13 8 88 98 4 
TEST 114 ARG:62 38 42 53 19 64 83 3 43 27 65 89 63 77 87 40 76 61 25 2 9 36 35 52 10 50 49 22 26 5 32 96 66 57 20 72 6 21 31 23 59 28 56 44 99 29 80 70 16 78 18 95 47 93 45 91 33 11 74 58 0 24 75 69 84 73 54 67 82 60 86 51 79 55 90 85 68 7 92 41 94 48 30 81 14 12 34 15 1 71 37 97 46 17 39 13 8 88 98 4 
TEST 115 ARG:32 7 43 75 15 25 44 87 14 51 89 19 72 68 54 26 22 0 3 31 30 37 69 38 76 82 71 34 98 86 8 80 45 16 33 6 92 53 9 90 74 48 84 39 20 12 85 52 21 17 29 55 93 64 63 96 95 50 88 40 28 5 24 36 59 99 1 67 77 62 78 65 91 58 94 60 56 81 27 47 18 66 70 61 11 35 49 42 10 23 83 73 97 79 57 2 4 41 46 13 
TEST 116 ARG:11 98 69 21 31 72 86 82 40 74 17 64 12 84 58 81 1 52 89 44 43 30 35 66 51 18 97 36 26 94 7 90 92 27 19 42 73 22 10 62 96 41 85 61 53 75 70 39 25 91 79 68 67 34 3 88 54 23 20 8 32 16 93 2 6 80 76 38 9 45 28 87 95 33 65 59 60 46 4 83 47 77 63 49 78 24 48 14 5 50 71 56 15 57 55 29 0 37 99 13 
TEST 117 ARG:55 61 64 84 21 93 28 41 11 31 25 48 9 60 89 32 63 12 87 92 50 7 34 67 73 78 40 75 85 83 72 6 98 90 19 13 51 23 97 81 38 74 4 0 22 70 24 1 33 99 29 91 2 58 59 30 43 65 5 10 3 46 45 88 8 16 79 42 76 15 62 56 86 47 66 27 77 49 94 14 36 26 53 68 39 35 95 20 69 71 52 17 18 96 44 80 57 54 37 82 
TEST 118 ARG:64 81 35 42 87 23 11 50 85 62 67 66 98 16 97 55 92 61 68 34 86 14 24 88 22 41 70 32 90 38 57 2 51 53 0 60 25 84 56 27 4 39 47 8 95 29 54 44 3 77 48 71 93 80 12 43 76 21 15 5 31 18 33 13 9 79 91 30 99 69 36 6 63 82 73 78 49 59 46 52 7 19 83 17 37 58 72 45 28 75 65 96 20 26 40 94 74 10 89 1 
TEST 118 ARG:64 81 35 42 87 23 11 50 85 62 67 66 98 16 97 55 92 61 68 34 86 14 24 88 22 41 70 32 90 38 57 2 51 53 0 60 25 84 56 27 4 39 47 8 95 29 54 44 3 77 48 71 93 80 12 43 76 21 15 5 31 18 33 13 9 79 91 30 99 69 36 6 63 82 73 78 49 59 46 52 7 19 83 17 37 58 72 45 28 75 65 96 20 26 40 94 74 10 89 1 
TEST 119 ARG:36 95 3 78 29 46 92 38 68 79 87 90 58 53 67 76 44 96 71 47 48 83 65 69 31 55 64 15 61 8 59 72 7 97 11 40 52 99 42 94 26 98 6 35 89 5 4 93 18 22 27 17 25 37 2 54 10 73 91 74 80 20 63 41 9 12 45 49 34 86 13 60 19 30 84 43 56 24 28 32 23 50 16 57 62 88 82 85 66 77 75 21 0 33 14 81 51 39 1 70 
TEST 119 ARG:36 95 3 78 29 46 92 38 68 79 87 90 58 53 67 76 44 96 71 47 48 83 65 69 31 55 64 15 61 8 59 72 7 97 11 40 52 99 42 94 26 98 6 35 89 5 4 93 18 22 27 17 25 37 2 54 10 73 91 74 80 20 63 41 9 12 45 49 34 86 13 60 19 30 84 43 56 24 28 32 23 50 16 57 62 88 82 85 66 77 75 21 0 33 14 81 51 39 1 70 
TEST 120 ARG:48 84 35 23 38 19 42 60 64 69 63 80 5 52 3 66 76 54 28 98 96 13 68 45 34 20 56 57 1 62 74 26 21 75 30 81 65 11 44 18 17 58 85 47 2 33 67 36 83 53 0 27 79 4 87 37 51 86 91 25 12 15 70 22 8 93 73 14 6 50 41 97 55 10 94 16 49 92 90 31 46 71 95 29 9 24 40 72 61 59 99 77 39 88 82 32 43 7 89 78 
TEST 121 ARG:42 75 71 32 61 41 25 83 11 33 73 50 98 23 13 92 38 30 99 79 77 67 53 16 36 7 14 96 81 4 34 40 19 28 63 66 47 20 60 24 59 45 87 1 35 48 9 10 26 69 6 72 80 56 44 95 97 52 27 76 51 39 2 65 86 64 70 21 57 17 84 55 15 94 5 3 8 85 46 29 22 68 93 62 49 78 88 89 90 58 0 12 37 54 18 74 82 31 91 43 
TEST 121 ARG:42 75 71 32 61 41 25 83 11 33 73 50 98 23 13 92 38 30 99 79 77 67 53 16 36 7 14 96 81 4 34 40 19 28 63 66 47 20 60 24 59 45 87 1 35 48 9 10 26 69 6 72 80 56 44 95 97 52 27 76 51 39 2 65 86 64 70 21 57 17 84 55 15 94 5 3 8 85 46 29 22 68 93 62 49 78 88 89 90 58 0 12 37 54 18 74 82 31 91 43 
TEST 122 ARG:18 30 44 37 65 66 24 63 17 81 98 76 29 62 21 54 14 32 19 31 82 1 46 10 41 78 48 47 5 50 87 58 43 27 85 22 99 79 4 77 11 61 12 3 75 2 33 13 59 20 88 57 7 35 64 71 60 95 38 34 90 96 23 52 45 16 0 89 28 51 9 53 56 72 67 97 39 6 15 74 8 93 91 25 55 26 84 42 68 92 86 49 70 36 83 80 69 40 73 94 
TEST 123 ARG:19 64 30 14 7 11 20 77 29 48 69 5 95 25 1 49 45 57 3 10 37 22 16 92 56 38 50 2 4 41 86 6 66 39 33 59 12 76 78 68 36 35 17 43 89 46 74 87 67 9 51 23 75 85 91 21 62 81 99 97 93 15 72 83 98 34 82 58 24 71 61 8 53 32 70 26 90 42 44 27 13 73 84 63 55 96 88 52 0 94 65 40 60 79 47 18 28 54 31 80 
TEST 124 ARG:22 42 47 60 81 90 99 43 40 32 51 61 18 55 84 94 56 24 29 53 68 16 36 75 80 57 78 52 11 64 49 35 91 26 30 95 70 54 41 50 2 67 31 62 83 74 3 71 72 25 37 69 97 23 28 15 82 21 5 14 98 87 93 96 12 9 4 19 27 39 86 79 8 44 10 88 59 20 48 7 38 33 58 66 34 76 45 17 77 46 1 89 6 65 13 63 92 0 73 85 
TEST 124 ARG:22 42 47 60 81 90 99 43 40 32 51 61 18 55 84 94 56 24 29 53 68 16 36 75 80 57 78 52 11 64 49 35 91 26 30 95 70 54 41 50 2 67 31 62 83 74 3 71 72 25 37 69 97 23 28 15 82 21 5 14 98 87 93 96 12 9 4 19 27 39 86 79 8 44 10 88 59 20 48 7 38 33 58 66 34 76 45 17 77 46 1 89 6 65 13 63 92 0 73 85 
TEST 125 ARG:94 39 90 55 2 68 30 67 46 66 98 73 28 78 18 83 23 1 19 57 48 25 72 60 13 8 35 74 69 5 70 50 38 89 51 56 41 42 84 0 20 11 91 58 24 33 22 99 79 12 63 27 62 32 40 7 64 86 36 59 10 76 37 82 17 31 53 6 95 4 47 88 61 96 71 81 14 49 9 16 21 85 3 26 92 75 54 65 15 93 97 43 80 44 45 34 29 52 87 77 
TEST 126 ARG:0 95 96 7 90 98 93 70 32 66 22 49 86 6 12 58 87 54 53 67 68 40 48 63 45 30 42 38 25 41 75 79 5 88 21 20 13 34 77 81 2 71 97 83 24 47 46 59 35 91 1 65 18 99 4 37 9 31 33 51 57 60 56 3 76 89 61 84 39 44 62 10 74 55 52 27 72 16 43 69 19 50 85 15 26 82 28 17 14 64 29 23 11 92 78 94 36 80 73 8 
TEST 126 ARG:0 95 96 7 90 98 93 70 32 66 22 49 86 6 12 58 87 54 53 67 68 40 48 63 45 30 42 38 25 41 75 79 5 88 21 20 13 34 77 81 2 71 97 83 24 47 46 59 35 91 1 65 18 99 4 37 9 31 33 51 57 60 56 3 76 89 61 84 39 44 62 10 74 55 52 27 72 16 43 69 19 50 85 15 26 82 28 17 14 64 29 23 11 92 78 94 36 80 73 8 
TEST 127 ARG:77 41 10 7 54 0 48 60 73 5 69 83 34 23 90 59 81 51 25 39 58 62 46 16 87 66 40 11 45 70 63 37 79 44 1 27 85 56 43 2 93 91 80 9 30 84 17 67 26 57 96 82 50 15 3 71 49 14 99 68 6 35 75 64 18 12 92 36 61 38 88 13 72 95 21 29 32 78 8 22 4 97 28 52 89 20 24 76 19 31 55 98 94 47 42 65 74 53 86 33 
TEST 128 ARG:45 74 19 60 34 72 24 95 90 85 39 9 7 54 91 81 13 49 38 48 28 53 73 86 56 51 84 79 50 52 37 97 10 80 96 16 82 55 63 5 46 20 15 67 68 89 76 1 92 75 77 27 25 3 69 29 64 88 58 42 99 4 47 62 71 0 65 40 31 87 14 23 12 43 70 26 57 93 41 17 44 33 11 32 66 6 83 2 59 78 35 36 94 30 98 21 61 22 8 18 
TEST 128 ARG:45 74 19 60 34 72 24 95 90 85 39 9 7 54 91 81 13 49 38 48 28 53 73 86 56 51 84 79 50 52 37 97 10 80 96 16 82 55 63 5 46 20 15 67 68 89 76 1 92 75 77 27 25 3 69 29 64 88 58 42 99 4 47 62 71 0 65 40 31 87 14 23 12 43 70 26 57 93 41 17 44 33 11 32 66 6 83 2 59 78 35 36 94 30 98 21 61 22 8 18 
TEST 129 ARG:20 1 64 61 76 37 63 28 14 5 21 72 49 69 2 30 26 33 79 9 47 95 85 68 71 45 92 4 83 96 17 6 29 54 73 31 60 81 58 43 23 91 7 41 66 94 55 59 86 24 97 57 75 89 22 67 39 10 78 13 11 98 99 84 35 70 44 53 42 8 16 27 32 74 88 12 15 56 0 51 48 18 50 36 82 93 65 34 52 80 40 62 25 19 87 90 38 46 3 77 
TEST 129 ARG:20 1 64 61 76 37 63 28 14 5 21 72 49 69 2 30 26 33 79 9 47 95 85 68 71 45 92 4 83 96 17 6 29 54 73 31 60 81 58 43 23 91 7 41 66 94 55 59 86 24 97 57 75 89 22 67 39 10 78 13 11 98 99 84 35 70 44 53 42 8 16 27 32 74 88 12 15 56 0 51 48 18 50 36 82 93 65 34 52 80 40 62 25 19 87 90 38 46 3 77 
TEST 130 ARG:14 37 27 46 68 29 64 60 92 72 79 30 17 24 98 13 99 51 3 0 16 5 65 19 9 90 91 80 84 55 10 61 39 7 23 21 26 38 6 52 33 62 77 48 78 59 67 89 35 31 83 41 56 40 36 82 58 2 49 28 11 69 12 81 4 75 43 66 86 57 95 74 42 53 54 70 25 73 22 94 8 88 97 87 85 44 1 32 15 71 76 96 20 34 50 18 45 47 93 63 
TEST 131 ARG:71 43 14 59 91 13 26 82 90 27 8 56 58 61 57 89 20 73 88 45 81 95 94 7 51 84 92 12 42 86 79 54 10 41 99 3 46 22 67 16 69 48 87 39 68 77 34 28 36 0 64 80 38 98 50 2 33 62 37 9 72 70 66 40 60 78 15 49 30 32 21 63 1 11 19 25 97 23 35 76 24 52 18 6 74 31 29 75 85 44 53 93 17 83 4 55 47 96 65 5 
TEST 131 ARG:71 43 14 59 91 13 26 82 90 27 8 56 58 61 57 89 20 73 88 45 81 95 94 7 51 84 92 12 42 86 79 54 10 41 99 3 46 22 67 16 69 48 87 39 68 77 34 28 36 0 64 80 38 98 50 2 33 62 37 9 72 70 66 40 60 78 15 49 30 32 21 63 1 11 19 25 97 23 35 76 24 52 18 6 74 31 29 75 85 44 53 93 17 83 4 55 47 96 65 5 
TEST 132 ARG:46 37 78 91 43 20 57 2 11 60 98 35 54 3 6 33 42 49 22 10 8 81 58 12 34 51 27 80 17 70 0 19 86 40 52 72 23 79 97 7 53 41 31 95 96 69 93 83 62 30 67 55 89 76 73 48 21 45 94 74 99 85 64 75 14 90 59 61 1 84 15 82 92 32 29 4 25 65 5 66 26 36 9 28 13 88 50 38 39 18 47 87 68 16 24 56 63 44 77 71 
TEST 133 ARG:35 66 93 56 39 8 84 80 10 26 92 53 41 52 96 73 61 47 27 37 58 5 4 64 75 33 42 62 95 15 31 72 38 13 0 67 86 71 12 17 88 20 57 49 48 78 69 85 40 87 51 94 99 21 11 76 45 34 32 54 91 77 50 83 89 36 6 60 63 55 19 81 44 79 7 82 1 16 23 68 9 98 46 74 29 30 97 28 2 65 18 3 90 43 25 22 70 24 59 14 
TEST 133 ARG:35 66 93 56 39 8 84 80 10 26 92 53 41 52 96 73 61 47 27 37 58 5 4 64 75 33 42 62 95 15 31 72 38 13 0 67 86 71 12 17 88 20 57 49 48 78 69 85 40 87 51 94 99 21 11 76 45 34 32 54 91 77 50 83 89 36 6 60 63 55 19 81 44 79 7 82 1 16 23 68 9 98 46 74 29 30 97 28 2 65 18 3 90 43 25 22 70 24 59 14 
TEST 134 ARG:73 92 21 58 49 25 41 32 11 97 38 80 59 48 34 28 14 90 5 45 98 16 27 42 88 53 87 69 63 3 23 30 60 17 54 1 52 81 93 15 82 31 64 76 65 96 75 24 71 36 57 2 51 85 12 91 66 50 56 20 13 94 61 26 22 35 33 84 70 0 8 68 18 10 79 19 95 7 55 46 44 77 74 89 9 40 62 99 6 83 86 43 47 72 39 37 4 78 67 29 
TEST 134 ARG:73 92 21 58 49 25 41 32 11 97 38 80 59 48 34 28 14 90 5 45 98 16 27 42 88 53 87 69 63 3 23 30 60 17 54 1 52 81 93 15 82 31 64 76 65 96 75 24 71 36 57 2 51 85 12 91 66 50 56 20 13 94 61 26 22 35 33 84 70 0 8 68 18 10 79 19 95 7 55 46 44 77 74 89 9 40 62 99 6 83 86 43 47 72 39 37 4 78 67 29 
TEST 135 ARG:36 11 15 22 41 98 68 67 86 44 19 59 17 34 40 14 30 23 93 29 51 48 60 71 9 65 54 8 94 21 37 45 64 96 6 27 73 32 25 43 66 5 77 85 90 33 2 84 53 12 80 91 57 61 58 35 81 38 42 18 49 1 95 52 92 62 7 75 56 79 74 20 16 47 99 13 78 50 72 83 69 10 4 0 82 70 26 87 63 3 76 46 39 97 55 31 24 88 89 28 
TEST 136 ARG:77 8 60 0 64 98 46 42 52 81 78 16 34 1 82 23 84 67 65 11 28 70 24 73 74 7 76 20 17 93 39 10 96 90 71 12 47 66 85 91 14 72 29 43 97 31 45 92 37 58 54 25 80 33 49 89 86 87 83 79 53 75 5 15 19 22 6 13 40 36 18 69 95 56 51 62 21 4 48 26 68 99 38 41 57 59 30 9 35 55 88 32 3 27 63 50 94 61 44 2 
TEST 136 ARG:77 8 60 0 64 98 46 42 52 81 78 16 34 1 82 23 84 67 65 11 28 70 24 73 74 7 76 20 17 93 39 10 96 90 71 12 47 66 85 91 14 72 29 43 97 31 45 92 37 58 54 25 80 33 49 89 86 87 83 79 53 75 5 15 19 22 6 13 40 36 18 69 95 56 51 62 21 4 48 26 68 99 38 41 57 59 30 9 35 55 88 32 3 27 63 50 94 61 44 2 
TEST 137 ARG:24 5 28 42 76 88 94 25 83 50 65 21 11 10 77 86 63 51 35 93 18 58 75 4 43 0 95 30 69 68 9 15 26 29 48 64 89 46 41 97 2 60 71 32 72 27 1 44 81 19 20 84 38 55 57 67 14 62 22 92 99 6 39 53 96 87 37 90 8 31 70 79 52 3 45 98 34 33 82 17 54 85 56 36 12 78 66 91 80 47 40 23 74 59 61 49 16 73 13 7 
TEST 137 ARG:24 5 28 42 76 88 94 25 83 50 65 21 11 10 77 86 63 51 35 93 18 58 75 4 43 0 95 30 69 68 9 15 26 29 48 64 89 46 41 97 2 60 71 32 72 27 1 44 81 19 20 84 38 55 57 67 14 62 22 92 99 6 39 53 96 87 37 90 8 31 70 79 52 3 45 98 34 33 82 17 54 85 56 36 12 78 66 91 80 47 40 23 74 59 61 49 16 73 13 7 
TEST 138 ARG:64 6 68 27 84 15 24 96 40 17 54 19 7 13 14 51 63 74 44 73 5 3 1 12 8 10 29 57 88 92 59 80 16 28 90 77 39 82 53 95 41 85 2 34 47 86 93 65 83 70 99 33 87 43 69 46 91 32 48 89 71 9 97 75 4 42 45 60 0 66 49 56 38 36 30 37 58 76 21 11 20 35 22 25 98 72 18 81 78 50 31 26 23 55 52 67 94 62 61 79 
TEST 139 ARG:98 93 83 59 16 56 45 29 95 73 40 63 89 46 80 74 0 36 96 34 87 66 64 31 68 60 55 21 9 76 84 79 65 4 32 97 27 53 86 6 70 54 19 75 42 52 47 51 25 5 12 58 22 82 69 85 71 43 35 78 99 67 23 26 44 88 38 57 14 49 62 61 48 92 72 41 33 1 10 20 11 18 90 15 28 94 91 37 3 13 50 7 77 24 30 8 81 17 39 2 
TEST 139 ARG:98 93 83 59 16 56 45 29 95 73 40 63 89 46 80 74 0 36 96 34 87 66 64 31 68 60 55 21 9 76 84 79 65 4 32 97 27 53 86 6 70 54 19 75 42 52 47 51 25 5 12 58 22 82 69 85 71 43 35 78 99 67 23 26 44 88 38 57 14 49 62 61 48 92 72 41 33 1 10 20 11 18 90 15 28 94 91 37 3 13 50 7 77 24 30 8 81 17 39 2 
TEST 140 ARG:85 81 71 97 96 46 74 61 80 44 95 70 6 31 37 63 93 42 69 90 98 10 66 58 50 36 59 47 62 0 79 34 40 7 72 64 49 13 24 54 89 2 78 11 9 21 77 53 23 32 4 39 26 12 99 43 22 8 25 17 33 3 19 1 45 68 82 29 65 57 51 30 48 87 88 18 27 84 20 14 56 52 75 86 83 94 35 60 73 15 5 67 38 16 41 76 28 92 55 91 
TEST 141 ARG:37 59 48 38 89 61 26 8 2 17 84 91 60 76 4 63 62 83 74 86 23 55 56 87 98 88 80 46 79 33 43 9 20 10 44 13 25 35 96 30 69 68 41 72 92 15 40 5 95 16 50 6 18 94 73 67 51 19 14 24 93 64 65 31 58 12 52 49 81 70 34 82 66 90 53 11 75 36 57 77 85 7 47 39 99 54 71 42 28 21 0 97 32 27 22 45 3 78 29 1 
TEST 141 ARG:37 59 48 38 89 61 26 8 2 17 84 91 60 76 4 63 62 83 74 86 23 55 56 87 98 88 80 46 79 33 43 9 20 10 44 13 25 35 96 30 69 68 41 72 92 15 40 5 95 16 50 6 18 94 73 67 51 19 14 24 93 64 65 31 58 12 52 49 81 70 34 82 66 90 53 11 75 36 57 77 85 7 47 39 99 54 71 42 28 21 0 97 32 27 22 45 3 78 29 1 
TEST 142 ARG:34 82 14 58 0 47 98 56 8 95 28 96 59 91 88 42 94 65 64 80 5 3 32 83 40 55 87 84 69 11 6 81 67 4 27 35 29 18 90 10 97 60 73 63 7 70 62 72 71 13 2 30 37 20 25 89 31 23 66 46 21 99 50 49 68 48 12 39 74 93 9 36 1 33 76 17 75 24 22 38 85 77 53 86 79 44 52 61 78 54 57 19 51 41 16 45 43 15 92 26 
TEST 143 ARG:30 53 51 33 39 60 41 83 69 94 0 95 12 73 62 81 9 28 47 13 64 78 42 76 38 66 35 16 98 99 96 90 55 40 84 58 5 17 37 92 43 88 22 70 75 1 71 4 26 74 87 7 61 59 56 36 52 32 79 23 91 6 57 49 68 72 20 48 77 10 45 15 11 54 31 18 93 63 89 34 65 25 67 27 44 29 24 82 85 97 80 19 14 3 8 21 46 2 50 86 
TEST 143 ARG:30 53 51 33 39 60 41 83 69 94 0 95 12 73 62 81 9 28 47 13 64 78 42 76 38 66 35 16 98 99 96 90 55 40 84 58 5 17 37 92 43 88 22 70 75 1 71 4 26 74 87 7 61 59 56 36 52 32 79 23 91 6 57 49 68 72 20 48 77 10 45 15 11 54 31 18 93 63 89 34 65 25 67 27 44 29 24 82 85 97 80 19 14 3 8 21 46 2 50 86 
TEST 144 ARG:32 88 8 84 14 54 24 47 94 12 16 10 89 53 77 0 56 6 80 59 19 93 71 86 83 66 46 76 68 23 62 27 36 49 13 98 5 63 81 96 92 51 7 2 4 52 38 97 70 31 57 85 41 9 79 15 72 67 39 75 20 33 64 21 58 65 74 42 87 55 26 18 78 1 48 37 69 99 29 60 95 34 45 30 44 40 11 28 25 82 50 17 91 22 43 61 73 3 35 90 
TEST 144 ARG:32 88 8 84 14 54 24 47 94 12 16 10 89 53 77 0 56 6 80 59 19 93 71 86 83 66 46 76 68 23 62 27 36 49 13 98 5 63 81 96 92 51 7 2 4 52 38 97 70 31 57 85 41 9 79 15 72 67 39 75 20 33 64 21 58 65 74 42 87 55 26 18 78 1 48 37 69 99 29 60 95 34 45 30 44 40 11 28 25 82 50 17 91 22 43 61 73 3 35 90 
TEST 145 ARG:49 2 6 33 5 32 17 13 4 98 10 20 59 89 39 61 56 47 50 14 85 83 64 16 36 95 92 27 58 80 53 82 42 68 97 11 94 88 99 3 67 0 1 23 7 45 57 77 28 12 84 40 63 91 51 25 60 81 87 19 48 75 65 46 72 18 26 37 69 34 35 70 55 79 76 22 29 93 78 30 54 73 44 62 66 41 96 38 8 52 15 31 90 74 86 43 71 9 21 24 
TEST 145 ARG:49 2 6 33 5 32 17 13 4 98 10 20 59 89 39 61 56 47 50 14 85 83 64 16 36 95 92 27 58 80 53 82 42 68 97 11 94 88 99 3 67 0 1 23 7 45 57 77 28 12 84 40 63 91 51 25 60 81 87 19 48 75 65 46 72 18 26 37 69 34 35 70 55 79 76 22 29 93 78 30 54 73 44 62 66 41 96 38 8 52 15 31 90 74 86 43 71 9 21 24 
TEST 146 ARG:99 83 62 63 92 42 67 96 73 68 69 16 72 66 28 25 52 64 0 7 56 22 82 75 59 94 30 84 26 60 53 15 80 32 49 98 11 21 31 86 13 90 54 35 74 93 40 3 85 65 20 43 45 79 77 44 57 87 9 70 48 88 38 29 18 24 6 55 36 2 50 46 14 8 78 89 51 97 5 91 1 37 12 76 34 4 27 33 39 47 19 10 61 41 17 71 23 95 58 81 
TEST 147 ARG:71 72 52 63 28 74 91 24 17 0 27 77 3 82 15 10 9 56 32 4 47 94 1 93 49 97 85 92 44 99 37 80 6 38 84 96 23 22 46 76 73 39 59 48 5 26 21 90 45 68 66 79 13 30 89 98 75 60 36 12 33 70 43 81 42 62 51 55 41 54 58 88 57 14 40 78 64 2 86 19 50 29 31 16 34 18 61 69 11 53 8 67 20 83 95 35 65 87 25 7 
TEST 147 ARG:71 72 52 63 28 74 91 24 17 0 27 77 3 82 15 10 9 56 32 4 47 94 1 93 49 97 85 92 44 99 37 80 6 38 84 96 23 22 46 76 73 39 59 48 5 26 21 90 45 68 66 79 13 30 89 98 75 60 36 12 33 70 43 81 42 62 51 55 41 54 58 88 57 14 40 78 64 2 86 19 50 29 31 16 34 18 61 69 11 53 8 67 20 83 95 35 65 87 25 7 
TEST 148 ARG:92 55 31 1 48 43 39 67 99 85 40 57 20 95 3 65 36 5 71 78 84 96 64 11 25 33 42 28 63 4 72 90 98 58 93 47 45 94 88 14 24 13 29 12 30 53 86 75 82 8 69 15 17 62 73 19 81 51 49 22 66 27 60 2 52 34 7 77 6 70 56 50 32 61 91 79 97 10 46 54 21 35 74 23 83 68 89 80 16 41 18 76 59 38 44 26 37 9 87 0 
TEST 148 ARG:92 55 31 1 48 43 39 67 99 85 40 57 20 95 3 65 36 5 71 78 84 96 64 11 25 33 42 28 63 4 72 90 98 58 93 47 45 94 88 14 24 13 29 12 30 53 86 75 82 8 69 15 17 62 73 19 81 51 49 22 66 27 60 2 52 34 7 77 6 70 56 50 32 61 91 79 97 10 46 54 21 35 74 23 83 68 89 80 16 41 18 76 59 38 44 26 37 9 87 0 
TEST 149 ARG:8 61 84 21 13 26 43 53 71 20 95 10 85 31 73 82 54 96 57 16 24 92 48 25 75 68 39 55 49 72 19 67 23 45 40 0 62 3 4 18 99 83 70 76 1 91 65 63 5 22 79 60 11 69 32 88 81 17 14 35 98 93 12 66 41 34 44 33 52 2 27 50 51 87 89 47 64 28 86 90 78 29 58 56 6 7 38 77 36 42 59 80 46 97 15 30 37 74 9 94 
TEST 149 ARG:8 61 84 21 13 26 43 53 71 20 95 10 85 31 73 82 54 96 57 16 24 92 48 25 75 68 39 55 49 72 19 67 23 45 40 0 62 3 4 18 99 83 70 76 1 91 65 63 5 22 79 60 11 69 32 88 81 17 14 35 98 93 12 66 41 34 44 33 52 2 27 50 51 87 89 47 64 28 86 90 78 29 58 56 6 7 38 77 36 42 59 80 46 97 15 30 37 74 9 94 
TEST 150 ARG:74 40 2 26 20 18 60 52 36 27 16 93 34 77 39 89 22 53 81 42 21 61 12 70 62 54 68 88 13 37 7 49 96 4 99 69 50 24 67 0 23 65 8 91 79 38 59 35 55 28 84 63 95 45 30 9 19 6 46 51 80 3 47 11 90 85 98 71 1 58 66 94 15 64 72 43 56 33 14 83 86 87 92 57 32 78 75 31 82 48 17 44 41 25 76 5 29 73 10 97 
TEST 151 ARG:72 38 98 41 97 39 27 74 94 25 42 15 93 17 58 59 87 70 29 48 85 5 46 0 76 2 12 24 7 60 81 83 61 8 54 34 43 22 19 53 3 21 84 16 51 47 33 90 14 80 35 86 45 31 44 82 67 63 55 64 68 75 26 73 89 18 11 95 28 6 65 36 69 79 50 78 13 49 23 91 96 52 92 77 66 20 9 40 30 1 4 71 32 56 99 57 10 37 62 88 
TEST 151 ARG:72 38 98 41 97 39 27 74 94 25 42 15 93 17 58 59 87 70 29 48 85 5 46 0 76 2 12 24 7 60 81 83 61 8 54 34 43 22 19 53 3 21 84 16 51 47 33 90 14 80 35 86 45 31 44 82 67 63 55 64 68 75 26 73 89 18 11 95 28 6 65 36 69 79 50 78 13 49 23 91 96 52 92 77 66 20 9 40 30 1 4 71 32 56 99 57 10 37 62 88 
TEST 152 ARG:56 99 6 72 23 59 3 15 18 85 73 25 14 19 78 8 16 0 63 22 10 91 69 95 29 70 33 38 12 98 2 41 24 13 46 48 86 87 5 45 11 9 32 39 37 84 28 79 20 94 55 51 52 75 92 62 71 1 68 27 67 17 81 53 42 64 36 34 4 88 43 44 40 97 65 58 21 96 83 49 82 77 35 60 80 93 26 47 74 89 90 30 7 50 57 61 31 54 66 76 
TEST 153 ARG:87 11 32 56 94 41 45 58 92 62 77 99 48 83 40 79 12 96 34 63 24 1 98 75 27 95 84 88 17 61 89 38 25 30 46 59 9 6 47 26 80 49 13 85 68 65 53 70 93 64 37 8 72 81 16 54 21 20 55 73 76 42 29 10 91 69 0 66 90 74 15 51 50 7 33 5 3 35 39 14 4 2 18 31 36 22 67 60 97 57 78 52 19 43 71 86 23 44 82 28 
TEST 153 ARG:87 11 32 56 94 41 45 58 92 62 77 99 48 83 40 79 12 96 34 63 24 1 98 75 27 95 84 88 17 61 89 38 25 30 46 59 9 6 47 26 80 49 13 85 68 65 53 70 93 64 37 8 72 81 16 54 21 20 55 73 76 42 29 10 91 69 0 66 90 74 15 51 50 7 33 5 3 35 39 14 4 2 18 31 36 22 67 60 97 57 78 52 19 43 71 86 23 44 82 28 
TEST 154 ARG:63 1 48 85 11 88 40 75 32 24 98 96 13 80 47 4 20 73 70 7 0 99 71 43 54 30 18 9 36 61 34 95 60 62 90 68 67 39 81 16 42 38 59 21 6 94 53 74 45 56 5 35 57 84 92 52 15 14 46 91 77 72 65 31 22 58 41 19 50 2 25 27 49 97 79 64 29 12 87 33 37 10 26 28 44 51 69 3 82 55 89 76 23 93 83 86 17 78 66 8 
TEST 154 ARG:63 1 48 85 11 88 40 75 32 24 98 96 13 80 47 4 20 73 70 7 0 99 71 43 54 30 18 9 36 61 34 95 60 62 90 68 67 39 81 16 42 38 59 21 6 94 53 74 45 56 5 35 57 84 92 52 15 14 46 91 77 72 65 31 22 58 41 19 50 2 25 27 49 97 79 64 29 12 87 33 37 10 26 28 44 51 69 3 82 55 89 76 23 93 83 86 17 78 66 8 
TEST 155 ARG:76 62 31 58 92 46 11 21 79 25 5 35 30 36 55 64 89 69 75 84 98 32 83 7 27 42 93 61 19 91 18 66 57 37 33 6 70 2 38 44 3 68 60 65 71 29 39 56 26 51 10 59 86 95 40 67 88 53 13 87 20 63 28 73 34 49 16 96 12 77 41 1 43 47 94 0 45 82 50 17 15 48 4 72 54 78 90 52 22 24 99 74 97 81 9 14 8 23 80 85 
TEST 155 ARG:76 62 31 58 92 46 11 21 79 25 5 35 30 36 55 64 89 69 75 84 98 32 83 7 27 42 93 61 19 91 18 66 57 37 33 6 70 2 38 44 3 68 60 65 71 29 39 56 26 51 10 59 86 95 40 67 88 53 13 87 20 63 28 73 34 49 16 96 12 77 41 1 43 47 94 0 45 82 50 17 15 48 4 72 54 78 90 52 22 24 99 74 97 81 9 14 8 23 80 85 
TEST 156 ARG:72 42 27 61 52 10 75 73 69 25 17 32 35 24 43 37 15 92 20 34 13 36 53 45 51 74 65 86 99 88 26 85 68 28 63 7 1 46 80 40 71 6 81 41 78 21 50 30 94 0 93 64 4 55 48 91 87 77 83 90 38 11 3 44 66 33 54 67 16 59 23 70 39 76 56 49 9 60 82 47 97 58 96 89 79 84 18 22 12 29 62 57 31 14 19 8 95 5 98 2 
TEST 156 ARG:72 42 27 61 52 10 75 73 69 25 17 32 35 24 43 37 15 92 20 34 13 36 53 45 51 74 65 86 99 88 26 85 68 28 63 7 1 46 80 40 71 6 81 41 78 21 50 30 94 0 93 64 4 55 48 91 87 77 83 90 38 11 3 44 66 33 54 67 16 59 23 70 39 76 56 49 9 60 82 47 97 58 96 89 79 84 18 22 12 29 62 57 31 14 19 8 95 5 98 2 
TEST 157 ARG:7 87 82 49 26 10 64 70 79 81 48 4 19 41 75 86 46 54 40 52 50 30 57 58 42 90 24 89 73 99 78 76 20 6 65 47 51 15 23 62 84 56 80 34 39 14 69 85 61 2 94 77 43 12 59 1 36 11 45 44 18 63 74 71 96 27 88 72 97 9 28 55 68 31 98 37 32 95 60 38 8 93 29 53 33 16 21 35 83 22 13 17 0 91 5 92 67 25 66 3 
TEST 158 ARG:49 10 72 17 33 1 23 14 97 73 19 58 59 65 82 60 43 24 81 9 88 66 38 18 78 46 86 21 30 0 99 64 16 31 53 89 44 51 12 63 90 69 79 76 94 28 41 29 48 8 26 80 85 91 77 4 20 84 96 95 32 70 36 68 56 15 22 42 57 55 93 37 45 2 47 27 7 11 25 83 75 13 62 92 54 3 5 71 74 50 34 98 40 52 6 39 67 35 61 87 
TEST 159 ARG:42 72 71 31 22 28 75 19 53 62 78 38 34 91 18 1 26 2 8 48 14 41 74 17 77 81 99 43 10 58 44 90 36 92 12 11 46 96 7 61 65 15 79 25 86 16 24 33 63 64 32 82 50 59 51 27 30 98 3 84 95 94 88 47 49 87 76 80 69 60 93 54 83 66 45 21 73 13 4 56 89 40 67 35 23 6 20 9 5 68 39 55 85 52 57 97 70 37 29 0 
TEST 160 ARG:16 79 85 96 89 44 99 94 8 71 26 69 18 87 14 86 4 31 64 74 19 91 83 43 59 63 29 35 33 60 1 27 61 34 95 76 55 57 49 62 22 67 39 45 51 90 32 65 7 17 36 82 97 78 84 41 54 73 93 58 72 21 68 20 88 53 48 47 56 80 40 52 50 6 81 98 2 23 0 13 70 92 66 42 38 75 9 3 77 10 15 11 24 37 28 5 12 46 30 25 
TEST 160 ARG:16 79 85 96 89 44 99 94 8 71 26 69 18 87 14 86 4 31 64 74 19 91 83 43 59 63 29 35 33 60 1 27 61 34 95 76 55 57 49 62 22 67 39 45 51 90 32 65 7 17 36 82 97 78 84 41 54 73 93 58 72 21 68 20 88 53 48 47 56 80 40 52 50 6 81 98 2 23 0 13 70 92 66 42 38 75 9 3 77 10 15 11 24 37 28 5 12 46 30 25 
TEST 161 ARG:9 33 47 15 94 24 0 73 99 10 64 74 91 46 40 61 51 23 83 71 45 70 13 55 57 79 7 87 37 69 59 84 54 56 49 14 85 17 60 82 19 77 8 25 72 4 11 38 65 81 88 58 89 80 32 42 16 35 20 28 90 97 98 93 95 67 27 29 1 68 43 44 36 39 53 50 52 26 92 66 86 12 48 62 3 41 34 63 22 96 30 76 75 2 18 5 21 78 31 6 
TEST 162 ARG:38 51 73 6 54 17 3 15 7 68 67 75 79 70 25 41 29 48 21 18 74 34 66 87 84 42 30 53 76 39 26 95 13 40 14 4 88 0 47 27 93 45 83 58 35 49 82 59 33 19 56 89 64 90 86 23 77 63 98 60 80 44 11 12 72 2 94 43 99 5 1 32 46 69 85 91 9 24 50 71 78 97 22 37 31 36 65 81 28 8 55 61 92 10 62 57 16 96 52 20 
TEST 163 ARG:92 86 23 60 42 15 64 96 20 12 11 6 24 27 34 9 61 30 19 36 85 47 83 94 14 77 17 72 87 84 7 3 52 50 69 41 32 62 4 8 29 39 16 51 97 75 13 80 89 66 58 91 38 21 35 37 46 1 55 70 49 67 63 78 5 53 10 40 43 68 82 59 26 90 45 99 56 79 44 33 2 28 18 71 0 74 73 25 76 65 57 98 81 48 88 54 22 95 93 31 
TEST 163 ARG:92 86 23 60 42 15 64 96 20 12 11 6 24 27 34 9 61 30 19 36 85 47 83 94 14 77 17 72 87 84 7 3 52 50 69 41 32 62 4 8 29 39 16 51 97 75 13 80 89 66 58 91 38 21 35 37 46 1 55 70 49 67 63 78 5 53 10 40 43 68 82 59 26 90 45 99 56 79 44 33 2 28 18 71 0 74 73 25 76 65 57 98 81 48 88 54 22 95 93 31 
TEST 164 ARG:12 14 20 83 38 53 29 22 25 66 40 37 73 55 18 91 78 65 17 58 99 0 59 86 36 11 6 95 21 41 71 64 90 93 92 31 77 9 85 57 26 44 16 69 48 82 23 68 75 24 2 51 47 35 46 79 67 62 27 5 81 7 15 80 33 4 96 84 39 56 50 61 28 60 88 1 63 94 76 74 13 97 43 3 30 32 45 54 42 8 49 19 87 89 52 34 72 10 70 98 
TEST 165 ARG:36 75 26 76 65 40 96 62 45 86 89 21 70 66 5 43 15 8 80 54 44 68 38 11 78 85 93 9 98 56 95 3 63 69 79 84 94 53 1 24 6 52 51 28 46 61 81 50 25 59 10 37 32 39 42 30 14 16 20 71 83 23 12 64 33 99 60 18 17 74 73 49 31 4 77 55 87 2 27 58 97 34 72 57 48 35 22 7 90 67 88 19 13 29 82 41 92 91 47 0 
TEST 165 ARG:36 75 26 76 65 40 96 62 45 86 89 21 70 66 5 43 15 8 80 54 44 68 38 11 78 85 93 9 98 56 95 3 63 69 79 84 94 53 1 24 6 52 51 28 46 61 81 50 25 59 10 37 32 39 42 30 14 16 20 71 83 23 12 64 33 99 60 18 17 74 73 49 31 4 77 55 87 2 27 58 97 34 72 57 48 35 22 7 90 67 88 19 13 29 82 41 92 91 47 0 
TEST 166 ARG:55 29 79 96 1 53 11 46 65 5 90 92 81 20 32 83 87 82 78 4 26 8 44 72 3 73 12 89 24 61 93 52 86 23 19 38 91 47 70 51 63 45 7 16 42 94 36 69 59 67 0 17 34 75 58 66 62 99 33 84 56 39 80 50 37 88 71 18 64 9 6 49 10 60 31 21 27 28 74 40 14 2 54 97 85 13 57 48 43 76 77 68 41 30 35 25 15 98 95 22 
TEST 166 ARG:55 29 79 96 1 53 11 46 65 5 90 92 81 20 32 83 87 82 78 4 26 8 44 72 3 73 12 89 24 61 93 52 86 23 19 38 91 47 70 51 63 45 7 16 42 94 36 69 59 67 0 17 34 75 58 66 62 99 33 84 56 39 80 50 37 88 71 18 64 9 6 49 10 60 31 21 27 28 74 40 14 2 54 97 85 13 57 48 43 76 77 68 41 30 35 25 15 98 95 22 
TEST 167 ARG:54 12 9 74 67 4 63 76 8 97 53 58 71 39 99 72 48 64 65 66 26 86 81 25 55 15 73 33 96 89 57 44 98 16 56 40 2 31 30 60 85 5 51 35 10 11 24 1 3 47 41 22 42 43 21 62 70 80 68 95 77 23 87 27 83 61 29 59 19 20 90 82 94 13 37 14 88 79 49 92 18 6 69 75 50 32 17 93 45 38 34 91 36 7 46 0 84 78 28 52 
TEST 167 ARG:54 12 9 74 67 4 63 76 8 97 53 58 71 39 99 72 48 64 65 66 26 86 81 25 55 15 73 33 96 89 57 44 98 16 56 40 2 31 30 60 85 5 51 35 10 11 24 1 3 47 41 22 42 43 21 62 70 80 68 95 77 23 87 27 83 61 29 59 19 20 90 82 94 13 37 14 88 79 49 92 18 6 69 75 50 32 17 93 45 38 34 91 36 7 46 0 84 78 28 52 
TEST 168 ARG:8 23 74 20 79 86 55 53 87 64 78 40 48 7 82 26 21 13 88 95 96 32 47 17 27 97 62 10 98 6 66 9 69 73 39 1 67 12 90 16 60 29 36 80 94 72 52 65 70 19 44 31 0 77 3 46 30 35 85 15 42 75 84 4 33 63 45 57 14 91 24 89 92 81 49 93 76 68 28 83 71 99 18 37 50 51 61 11 22 38 5 59 43 56 34 54 41 25 58 2 
TEST 169 ARG:36 67 98 94 68 37 65 40 60 42 46 70 88 26 95 85 11 22 64 24 74 20 8 90 19 89 83 13 53 33 6 51 15 7 97 49 1 2 35 16 92 14 99 62 57 91 9 75 28 25 45 44 82 59 5 58 0 87 3 96 76 50 86 56 41 52 17 21 4 10 18 66 55 61 31 80 34 38 84 43 73 32 39 12 63 27 81 29 54 71 93 30 48 23 47 77 72 78 69 79 
TEST 170 ARG:52 95 39 83 7 85 87 81 37 45 76 67 75 93 15 24 29 5 36 49 79 2 8 51 6 48 38 64 82 13 30 86 16 73 11 74 1 63 96 90 66 46 3 12 94 68 19 55 22 84 50 71 62 72 35 27 92 14 97 41 9 25 44 18 99 32 77 0 33 26 42 54 23 65 28 69 47 60 53 78 89 70 59 57 40 17 34 10 20 4 80 88 21 61 58 56 98 43 31 91 
TEST 171 ARG:47 34 56 44 27 3 33 92 68 91 35 64 85 24 48 83 52 63 62 13 72 9 42 75 65 89 82 97 11 53 20 88 87 51 1 59 79 57 19 5 76 40 67 16 98 46 21 18 70 10 29 77 30 99 23 14 50 7 49 4 31 66 80 22 54 12 2 60 86 61 93 95 71 39 15 32 25 8 37 0 26 96 69 6 38 74 78 55 81 84 43 36 45 28 90 17 73 41 58 94 
TEST 172 ARG:17 82 2 71 39 55 64 70 49 84 28 68 90 51 26 92 11 46 24 22 95 60 36 75 35 78 76 43 56 47 94 58 73 14 79 89 45 99 67 0 44 3 77 12 20 13 18 97 91 16 53 42 37 59 7 87 21 38 50 65 10 54 25 48 63 9 93 27 69 29 33 23 96 57 72 19 61 41 5 31 4 74 32 52 83 8 6 88 85 34 66 30 86 98 62 15 40 80 1 81 
TEST 173 ARG:53 12 64 75 3 63 88 97 45 91 52 17 65 11 39 7 19 66 24 21 33 54 78 41 67 95 38 34 86 82 70 5 50 93 71 85 76 51 36 73 4 80 96 28 47 26 87 62 60 81 30 79 29 1 58 9 25 90 99 44 72 15 98 57 68 2 89 22 23 46 92 31 56 32 43 27 18 16 0 35 20 77 13 10 48 49 61 40 69 14 42 59 8 6 83 37 55 94 84 74 
TEST 174 ARG:91 56 5 72 74 77 55 2 18 66 51 87 39 1 16 6 29 40 36 93 57 34 44 25 96 43 73 8 3 99 86 42 30 65 11 81 14 84 10 52 22 70 0 35 33 24 9 38 28 61 78 50 32 83 76 90 71 60 17 64 63 21 47 89 45 68 69 27 12 95 23 54 20 92 13 98 15 19 41 62 46 48 75 80 58 82 97 67 94 85 4 26 53 37 88 31 7 49 59 79 
TEST 174 ARG:91 56 5 72 74 77 55 2 18 66 51 87 39 1 16 6 29 40 36 93 57 34 44 25 96 43 73 8 3 99 86 42 30 65 11 81 14 84 10 52 22 70 0 35 33 24 9 38 28 61 78 50 32 83 76 90 71 60 17 64 63 21 47 89 45 68 69 27 12 95 23 54 20 92 13 98 15 19 41 62 46 48 75 80 58 82 97 67 94 85 4 26 53 37 88 31 7 49 59 79 
TEST 175 ARG:53 20 74 34 68 26 92 44 33 8 64 11 31 45 18 60 0 15 42 81 83 17 89 46 85 87 56 39 35 52 84 78 69 77 36 13 6 76 37 67 63 95 43 3 50 29 98 72 61 66 71 75 55 2 82 19 94 96 23 22 79 28 51 62 4 25 70 14 91 86 10 58 65 54 24 57 21 16 99 59 12 73 49 32 80 97 7 27 9 48 38 1 47 30 88 5 40 41 90 93 
TEST 175 ARG:53 20 74 34 68 26 92 44 33 8 64 11 31 45 18 60 0 15 42 81 83 17 89 46 85 87 56 39 35 52 84 78 69 77 36 13 6 76 37 67 63 95 43 3 50 29 98 72 61 66 71 75 55 2 82 19 94 96 23 22 79 28 51 62 4 25 70 14 91 86 10 58 65 54 24 57 21 16 99 59 12 73 49 32 80 97 7 27 9 48 38 1 47 30 88 5 40 41 90 93 
TEST 176 ARG:50 13 5 72 29 89 77 25 42 36 97 67 39 7 16 86 94 21 17 81 91 78 33 95 70 34 38 49 24 15 51 6 4 82 48 20 26 90 68 80 52 56 19 0 46 14 2 65 47 60 31 73 22 98 96 79 35 83 23 53 85 43 54 74 75 32 18 92 61 44 11 63 99 62 8 71 93 58 27 84 37 3 9 28 76 87 69 40 88 1 30 64 10 55 12 57 66 59 41 45 
TEST 177 ARG:11 79 39 10 53 68 70 37 60 5 33 44 15 17 28 94 35 96 56 85 87 76 58 43 62 84 3 8 92 98 32 47 66 63 14 45 55 48 78 29 18 24 20 22 2 64 19 13 23 54 51 30 9 21 4 31 12 25 74 67 82 16 81 99 38 49 50 73 97 61 26 46 42 83 71 1 41 69 80 88 34 40 72 77 86 93 95 59 91 65 75 7 52 90 89 57 6 0 36 27 
TEST 178 ARG:35 69 42 48 55 37 36 94 39 85 62 46 17 23 76 58 25 24 10 18 81 98 65 99 1 88 72 2 38 96 54 41 5 44 61 0 30 53 34 19 95 13 91 79 92 40 60 75 66 64 29 84 82 78 43 6 90 68 9 26 4 11 32 49 57 20 50 71 21 59 14 31 63 28 77 8 80 16 27 67 83 47 15 97 33 22 89 86 74 87 52 12 73 70 3 45 51 56 93 7 
TEST 178 ARG:35 69 42 48 55 37 36 94 39 85 62 46 17 23 76 58 25 24 10 18 81 98 65 99 1 88 72 2 38 96 54 41 5 44 61 0 30 53 34 19 95 13 91 79 92 40 60 75 66 64 29 84 82 78 43 6 90 68 9 26 4 11 32 49 57 20 50 71 21 59 14 31 63 28 77 8 80 16 27 67 83 47 15 97 33 22 89 86 74 87 52 12 73 70 3 45 51 56 93 7 
TEST 179 ARG:42 33 86 51 30 2 75 1 24 6 19 66 0 96 49 53 50 87 82 14 29 3 90 74 57 76 10 67 40 45 55 61 25 21 16 4 58 46 15 80 44 7 79 37 73 62 77 60 97 95 70 12 88 92 64 91 23 20 35 38 52 11 31 54 43 84 72 63 27 59 93 22 47 81 83 8 69 56 48 36 5 41 39 32 94 65 9 78 68 18 89 26 99 17 71 34 98 13 28 85 
